GIS/Tiger_FixedKUD.asc
NCOLS 300 
NROWS 147 
XLLCORNER 151.698123695652 
YLLCORNER -23.6121463043478 
CELLSIZE 0.00201260869565232 
NODATA_value -9999 
[rows 60 to 79 of 147, columns 92 to 137 of 300]
98.8010034759918 97.9486392777448 96.9471341608548 95.7846753488851 94.5626345078883 93.2295217002638 91.2101266347965 89.3807460673748 87.3139175294562 84.7349147012537 81.7387215600042 78.3365753375808 75.5336747894376 72.4607657100018 69.4360242888409 67.9084308491129 66.119696202178 64.5956663383347 63.7193275175124 63.2745548476055 62.8743613404543 62.4712263582962 62.1160930967967 61.7583269253721 61.4491028399069 61.085767350917 60.6678749243049 60.4056014058741 60.3530427629999 60.5630346118192 60.8248587324874 61.1378659715236 60.9815193556642 60.2477651302139 58.8509370383226 55.7185213575534 49.5832458311216 43.3640181011524 35.6970027780422 28.980355621771 21.7072854372746 16.675903806138 11.0590944759061 7.53123756493237 6.38903039838418 6.15672516600925
98.7636435543675 97.8957686306433 96.816612944441 95.6101299949983 94.3126762328078 92.7714527691079 90.6111644113805 88.3617038153304 85.7466488047576 82.5247073397614 78.5232976787898 74.5637762920596 70.3200779306819 66.3065469801498 62.6229395549878 59.4476680704289 56.9710899525151 55.2580403740623 53.6865408614245 53.0377930364344 52.7414716947035 52.8008125500842 52.9193767188558 53.274254328278 53.5101035871613 53.9209447989105 54.4464604152761 55.3734015083933 56.3485772290598 56.8021744655197 57.3070331659124 57.8632896376664 57.9187190205225 57.0271826734573 55.1424575757725 50.9978217267038 45.5598542516422 38.8753814926002 32.7508263234131 25.7058372593515 18.6564038819129 12.0228394851071 7.19228405904221 4.97875334395848 4.02013281031079 3.65468097648184
98.7924451273674 97.9024583652867 96.8032256203854 95.5077242156058 94.1606402277854 92.4743625756166 90.1080968419115 87.784522325413 84.5540908891792 80.5193123135634 76.0953446579717 70.7756588780725 65.5526351310363 59.9298218309331 54.2134180532005 48.8994510574959 45.9530553924778 43.7699328498187 43.2958312586486 42.6107152087162 42.8851943409907 43.4321065637162 43.7026358434467 44.3040768291044 45.8222811968971 47.3135082738666 48.5864108447742 50.0781257157192 51.5436457266178 53.0969426764956 54.5627684094473 55.6035876696866 55.8907275549431 54.5046184599792 51.9650403288692 48.0168165458482 42.4732412211436 35.923896547885 29.3157975764083 21.9856100905199 15.6613608234357 9.42638377992524 5.92264305788475 3.53209412563033 2.04572510926206 1.66743888818373
98.8869117890834 97.9766876156929 96.8791901564589 95.5859175627234 94.1536018783985 92.336139693654 89.9193270921892 87.2771103677009 83.5917154985793 78.9848505835002 73.3050131538674 67.8182961721824 60.6154840437712 52.8601299493385 46.0837509999324 41.2244074513938 37.5631586041463 35.2416342298276 34.3976654647133 34.0101584243597 34.6296614665947 35.0892023962944 36.5242364396674 38.1501549148649 40.4481555428824 42.4044505254422 44.2375978805389 47.3777810373128 49.3351110698389 51.6039322105777 53.6278358943011 54.853045947621 54.9110051448906 53.4512341563683 50.5088257755366 46.0184173397407 40.3061127370892 33.5426762755163 26.8428572536772 19.8213186444468 12.7618177500384 7.07896902989931 4.3834519141344 2.17135944845795 0.775437088593107 0.646998252891368
99.0164867698507 98.1371516696986 97.088023787747 95.7615944155146 94.305862685696 92.4939467922039 89.9330144336943 87.0919565095432 83.1295486172414 78.0532900952491 72.18597111383 65.4098881152499 57.2511385286448 47.8258054480624 40.731542040967 35.0129660669936 32.0268757782497 29.3994875042142 28.0491735984928 27.8786174347884 28.4736022998931 29.8993156724143 31.8652117507102 33.6208259957091 36.224835561382 39.2352259716577 43.0907066140373 46.2142347169775 49.0863295064879 52.3246307932158 54.7950365048767 56.4056433600093 56.2343739056054 53.8038138765632 50.2629967887646 44.6358264932475 38.3685429007465 32.3496440321508 25.2598666678749 17.8713467996552 10.7352044659244 6.27305663950102 3.16377418061467 1.28644265908125 0.129756029398808 0.259473811291855
99.1686572506348 98.3449486195684 97.3714974535862 96.0012596909782 94.5562447977648 92.8087674389462 90.1875370435005 87.5519879453772 83.3496340639192 78.084911324035 71.8299638935748 64.2567383810256 55.6610660591987 44.9665234083501 37.4893185552932 32.4300773134354 27.7931664842295 25.6169673543292 23.6362945662391 23.1816024923351 24.5416762732505 25.8821924470556 28.1342173880066 31.3781771725305 34.5524013204277 38.2231477430441 42.7480473808362 46.9270212874758 51.2414167110542 55.0267749041984 57.4745193282043 58.3593527378276 58.0846507503803 56.1771927696233 51.180570400117 44.3705054405917 37.7105621472219 30.4777566250907 22.9077397411003 16.2711181233405 9.31606863487455 5.45218415449536 2.79413525592389 0.903553019060233 0.389151131034474 0.5180980758
99.3155815974555 98.6605743380028 97.7320960852668 96.361219944609 94.9078153633521 93.3069459931208 90.7225760784699 87.9933527376841 84.2556828709802 79.0153125673344 72.6939876913238 65.2192624322708 56.4626032719823 45.0986127817612 36.8973448776025 31.1337158672241 26.4078122917394 22.9991656742585 21.0545605855067 20.7730693362412 21.6144149051271 24.3611771712649 26.7559924936311 30.3130634403032 34.1652873428296 38.8031189403301 43.8370746131663 48.9617461025063 54.7370125743728 58.4687712130666 60.5105680650411 61.6041261305641 60.7202621998304 58.249669010548 52.6821288429565 45.4282241974834 37.193792902041 29.7329411002821 21.5214631914469 14.8432661192993 8.20502607766479 4.62251901608127 2.54552212840253 1.41375837588715 1.0315198647946 1.79384513884584
99.4617675578351 98.9621986874246 98.0210124854935 96.8530107945876 95.3978941166101 93.8829936777291 91.4681343033394 88.8059615963097 85.3260781557016 80.6895023012196 74.81805743005 67.7281120436885 59.0140931501328 48.0804269883739 38.730808923525 32.9108449045917 27.4491412743237 23.8177402335145 21.3349980536144 20.8670281302208 21.8001081338339 24.6317877885787 27.7076511255752 31.7034289726671 35.7726821780632 41.5046074012852 47.4419548040863 53.5689706558657 59.2857565960572 62.3699248150557 64.3537822579901 65.0281991832256 63.8174898713785 61.0336566960885 56.0054465087147 46.7979606136732 37.8572903405901 29.8162158080545 21.2417006253532 14.4308417844001 8.3168290586355 5.09716015527794 3.40936931617229 2.42115812096019 2.66986324437942 3.7765854543725
99.5943563969296 99.236985320351 98.4439085599723 97.4212235799517 95.9969833485349 94.4916949010314 92.6581200127989 89.9466544917538 86.8672510700993 82.7545334680968 77.4092677169526 70.9812805372488 63.1748783906047 53.3332573947094 43.567798671881 35.9994170945405 30.806316247424 26.9297083782415 24.9014606083312 23.9084174452822 24.9911430433069 26.5821439303104 30.0653012777289 33.9324378794997 39.0196166034388 45.1646366935209 52.0852845251242 58.578101732941 63.1249203935689 66.399416327941 68.1761896208418 68.4405393397311 67.5472329107211 63.8664778358891 58.4140938050139 48.8370375107054 39.3069907890472 30.9703211548597 22.4481133532295 15.5595124336817 9.756404384794 6.50467233269623 4.74153803912244 4.50338903291458 4.86015576776182 6.73568714586147
99.6897688952533 99.4200643255504 98.8896189666781 97.9246009964107 96.6736286717839 95.2470862316883 93.6343897799002 91.1529711859287 88.4747241932197 85.1114101958975 80.6329350190047 74.9985032872598 68.3088154405632 60.3004563976689 50.8758009506576 42.6793985846534 36.0746209088348 32.6707155333693 29.5663488903485 28.7274375595509 29.2320467298102 31.5409176604762 34.2427750509845 38.5136833443282 43.9040476754383 50.7537344329303 57.9741022904293 63.0749275157858 67.2744817042787 69.7323972460641 71.4695089917548 71.6705322149241 70.1531208176475 67.1831863219415 61.5008069805868 52.4439834620919 42.1289465645186 33.1490350466832 25.527998246984 18.0683627144349 12.3402405949482 9.20558875237682 7.30527997826207 7.41826213027027 8.98444555507666 11.8103840623583
99.7822419766416 99.5901040112123 99.241128401321 98.4507350959192 97.4376195034528 96.0352714670063 94.5690067709765 92.8180616670416 90.2401204736779 87.6783392990456 84.0213477563222 79.1671231239595 73.3426156453941 67.6378694605864 60.0891165117255 51.8447530846392 44.4369340493681 39.8790068827562 36.7482887937126 35.3177307620045 35.6212645960413 37.6368987189525 41.0838739315873 45.2306040172861 51.0587470645633 57.5857567111964 62.6733281168163 67.3200642126973 70.4448084262968 72.9253510620878 74.1608308896099 74.2710645936292 72.8483954536109 69.4784544672705 64.5473420997631 57.139334443221 46.344526870467 36.3746158329482 28.8961542344782 22.1708684344057 17.673304550233 14.5340349813056 13.1821224802649 13.8078856032025 16.3724486624047 19.3383489408973
99.8451820084336 99.7073698563038 99.4640546376851 98.9839334659946 98.0603785774903 96.9246125429351 95.5323073413341 94.0604761009218 92.0216608433976 89.6259765514439 86.7728309547775 83.1786519519265 78.7704296318506 73.4176638005205 68.2204416618279 62.3192064720921 56.6892024817407 50.6926115585665 47.1204867723161 44.7682345817578 44.7020688030089 46.539512928722 49.2729625081464 53.9795062256748 59.068447432016 63.2247529321579 67.4564225609794 70.6518322732677 73.1542176354708 75.780877162589 76.5755195282522 76.5416768356845 75.2851230006161 72.3431040337846 68.0428376000536 61.2935925495595 51.7244084188991 42.0599198081026 34.0877755489272 28.2192483964905 24.0896703682136 20.9609303214994 20.4904651509416 21.148180432029 23.9990716870812 27.3629079165838
99.895405757723 99.8021374224283 99.6378181644467 99.3321521450792 98.71357283029 97.7876066089002 96.5067064327257 95.1880337004434 93.7365659309257 91.6103380238827 89.4246798084287 86.6394714596441 83.4224840198995 79.4376133063346 75.3563463062079 70.8168636015837 66.5848452766703 62.5218209984207 59.5014089245416 57.6413426047317 57.0832669749618 58.0294208686963 59.823067553993 62.1669373920153 65.362243722753 68.2646322068856 71.226621276429 73.4551222528788 76.1993975356072 77.605067847612 78.2425121270268 78.1795904352061 77.244961498401 74.8904915735291 71.0633175758696 65.8369795365474 58.7964570453962 49.1485935254235 41.7137365424631 35.393761869825 32.2690596713623 29.6496645356909 29.1482403149365 30.3954693018035 32.9903537816497 35.8482984168693
99.9278646481741 99.8693642637841 99.7623344877279 99.5727811399528 99.230749735658 98.4860928973805 97.5838180593505 96.3034608882529 95.0164258511709 93.6105267713262 91.5994917343695 89.5546373502172 87.3323079955523 84.4857572312727 81.358372994145 77.7343109650631 74.4542809943063 71.5098292497819 69.0506172910555 67.6830166927156 66.9082569743923 67.0001475842647 67.9533308785466 69.0073851453184 70.8991580823515 72.6552735627014 74.7817915885921 76.5077865815691 77.9266387122302 79.1974074301099 79.8813464298217 79.7340066233245 78.8011634001571 77.1454139110716 73.8281875755839 69.5632180213566 64.4506189972296 58.304520670723 50.9368203081095 44.5695505572458 41.3646965110112 38.9475743802182 38.5861471742221 40.2350568581334 42.816628421298 46.1490031548578
99.9529109553752 99.9145306779077 99.8459076628887 99.7254156913736 99.5142851727255 99.1376219895644 98.3537986467185 97.4755036908227 96.2565074928082 95.0445860661836 93.783138987841 91.9493396165665 90.0413284805171 88.1123096214914 85.8290138482128 83.4467350621214 81.0819907942243 78.5852900107972 76.7441012412167 75.462825310236 74.417713170456 73.9766777097248 74.0872338761008 74.926552640342 75.9211686614715 76.8112623511094 77.8628709386875 78.8931189176951 80.0278174301191 80.7458830236989 81.3032500427376 81.2204828525484 80.4623152435561 79.0761962109993 76.9786940905263 73.4925699883017 69.8168543441358 65.7897359141221 60.8771195638853 56.7457048917326 52.5035744336838 50.6314092730909 50.386053510553 51.4228675212156 54.1550335061503 57.4187334137243
99.9679260270676 99.9444920888792 99.9043482540008 99.8308870675346 99.7015849499199 99.4863705733186 99.1079193761646 98.3218118338352 97.5262363213199 96.365035467472 95.2630606116781 94.1108782968595 92.7245419445309 90.9654982050221 89.3366971101032 87.8196966829212 85.8902097145251 84.4170501553763 82.7797569519123 81.6310900405844 80.6612434806286 80.173700591557 79.7929994433132 79.7045083719765 80.0570499198551 80.3763550887385 80.830283326823 81.4406296872393 81.8456893192031 82.2400957824672 82.6274816346973 82.5761114462705 82.0306498646947 81.2480910736593 79.5566967736591 77.4746117142769 74.8542794581213 71.6304325195676 68.3966614356056 65.8842140788744 63.3242644740374 61.9119211598558 61.6555528895943 62.2684648206501 63.5715561497635 65.6001292046228
99.9763248816244 99.9625582799824 99.9397972564562 99.8983639193288 99.8235541179418 99.6916104356416 99.4871042810011 99.1228620568342 98.4336501572216 97.6901515591579 96.6247159546205 95.6630630729731 94.5880892877655 93.4654676599822 92.1751168306285 90.7471441078547 89.4971763957349 88.3124942674064 87.4424154592607 86.1916230406406 85.3686705897726 84.8469091273311 84.3019321768887 83.9976990584895 83.639816954237 83.470961834683 83.398223389796 83.5435090472259 83.6877799855505 83.9503145009028 84.0685037398847 84.0449307294051 83.759605035282 83.0802267613156 82.1879534794829 80.8021732205899 78.8625056303642 76.9117881061753 74.7092377871657 72.6165406365642 71.1450515275669 69.943287163281 69.3510785473002 69.6901494324246 70.5277657056667 71.5501467446562
99.9814328306898 99.9738968269481 99.9606920900343 99.9377392819162 99.8967285282229 99.8249359354056 99.705153816989 99.5121900274047 99.2097155584196 98.6217951443126 97.9002330695102 97.0695994858714 96.1273415501876 95.2256968302206 94.3329992186401 93.4245186912178 92.444926893157 91.221527301745 90.3698825360487 89.583261841327 88.8371192660146 88.2130610085629 87.7316311502336 87.1105770988371 86.4854183245242 86.0717766320577 85.8084904212011 85.6218318168303 85.5589829740593 85.4745407778027 85.4322159940681 85.3898629485626 85.2834182747825 85.0679796087371 84.5994418869416 83.8074259930012 82.653077788865 81.3308257765529 79.5863497268179 78.1165168062732 77.2118993781386 76.3372569285815 75.9560918145977 75.8862267654862 76.1647362147839 76.4398385637402
99.984298992804 99.980349960037 99.9733957560686 99.9602630152237 99.9384010530531 99.90061401285 99.836928487229 99.7287327726817 99.5683640937448 99.2996508615942 98.8746866353116 98.1875062438803 97.5889851677476 96.7459137961113 95.9582361798252 95.2149614037472 94.4981826894741 93.8601434982244 93.0986329964154 92.3162142380469 91.4128723916745 90.7960929810073 90.1213881175375 89.5689601592351 88.9912996515764 88.3942086018699 88.0616421266255 87.8021143240753 87.6244333692517 87.4057547327938 87.2218107007795 87.1477432383812 87.1291962143455 86.9048989824398 86.5819221865013 86.0917853150523 85.5379001546414 84.7573533109011 83.735680677619 82.7039542353894 81.7922912269483 81.1097562675133 80.5477585372833 80.3476103234306 80.3188231094255 80.4337920473779
99.9857363582944 99.9837246888236 99.9803338577025 99.9737512587316 99.9617920242371 99.942593721396 99.908052647226 99.850904039127 99.7659945627676 99.6329162186393 99.4264890929913 99.13536230977 98.6404918545671 98.0417754403798 97.4835494645661 96.7763200793144 96.1149439085072 95.4731139106235 94.8729010758 94.3262402393826 93.7986084431045 93.1775466163592 92.5329548089851 91.675107909755 91.0601305274363 90.4723724609855 89.987534496993 89.5115557549875 89.2032014657723 88.9299475828253 88.7747617360938 88.6963186734267 88.6490758050129 88.570112265717 88.4907500217552 88.3289372563785 88.0276274151493 87.6424599830485 86.6776949745746 85.9714798173246 85.3047502982637 84.913765031201 84.3940668937373 84.1390078425232 83.9265708465694 83.8551967268043
