GIS/Tiger_FixedKUD.asc
NCOLS 300 
NROWS 147 
XLLCORNER 151.698123695652 
YLLCORNER -23.6121463043478 
CELLSIZE 0.00201260869565232 
NODATA_value -9999 
[rows 100 to 119 of 147, columns 184 to 229 of 300]
99.2328306706847 99.2823474742536 99.3034246496715 99.3062480146567 99.2900945336092 99.2625310786332 99.2202710328853 99.1839085836782 99.1598836319599 99.1784735658512 99.2171150742702 99.2715259552441 99.3229850117624 99.3977647538769 99.4701063395272 99.5340061561335 99.6109259808102 99.6687559418805 99.7299708339558 99.7873132085761 99.8348455003255 99.8746821743844 99.9083428495136 99.9333382188312 99.9535954860474 99.9670696003081 99.9750641063358 99.9805398674335 99.9836468029342 99.9853702801296 99.9862674118076 99.9866945385683 99.9868917098541 99.9869673391885 99.9870055379454 99.9870055379454 99.9870055379454 99.9870055379454 99.9870055379454 99.9870055379454 99.9870055379454 99.9870055379454 99.9870055379454 99.9870055379454 99.9870055379454 99.9870055379454
99.4027914176539 99.4360381526242 99.4548442333916 99.450961120176 99.4208714850565 99.3927160346336 99.3545884851418 99.3303268314312 99.3211407075691 99.3366967383594 99.3695567829199 99.4192542590943 99.4723427072099 99.5346712877306 99.6068580816034 99.6567068728223 99.7130730894562 99.7634356630697 99.8073436624929 99.8454246169476 99.8806909032549 99.9106434047315 99.9314936141448 99.9515692611413 99.9640410132247 99.9729390426525 99.9789368351048 99.9826405966296 99.9847234068212 99.9859234891047 99.9865105735499 99.9868048822414 99.9869354688058 99.9869807955196 99.9870055379454 99.9870055379454 99.9870055379454 99.9870055379454 99.9870055379454 99.9870055379454 99.9870055379454 99.9870055379454 99.9870055379454 99.9870055379454 99.9870055379454 99.9870055379454
99.5575091543244 99.5858159076571 99.5919295652854 99.5808794643376 99.5530023738212 99.5252708914888 99.5037292814964 99.4826951569192 99.4730844466051 99.4929356358374 99.5177458353593 99.5639130055562 99.6143870637508 99.6577235936734 99.7086926782733 99.7582416017293 99.7986946445958 99.8353695926628 99.8655731894675 99.8940640584128 99.9165357883959 99.9353219769698 99.9522121328901 99.9634066644334 99.9721749109064 99.9778719276533 99.9817488648303 99.9842104533821 99.9855775290875 99.9863066808427 99.9867038110957 99.9868867900832 99.9869636546673 99.9869904621529 99.9870055379454 99.9870055379454 99.9870055379454 99.9870055379454 99.9870055379454 99.9870055379454 99.9870055379454 99.9870055379454 99.9870055379454 99.9870055379454 99.9870055379454 99.9870055379454
99.6827516328941 99.6934410454353 99.6938971315754 99.6851030351588 99.6692499637016 99.6489567928758 99.6312674564102 99.6206622086505 99.6189589553468 99.6279516865144 99.6468615437587 99.6765744350864 99.717828550157 99.7597371889031 99.7974252565732 99.8298206146322 99.8590824601767 99.8862225800022 99.9090663194447 99.926420265288 99.9432929454266 99.9550500646661 99.9653642325347 99.9724661542169 99.9777447229777 99.9814191948429 99.9838173539366 99.9853227944199 99.9861609214959 99.9866069267127 99.9868267849915 99.9869387667921 99.9869811300967 99.9869969668016 99.9870055379454 99.9870055379454 99.9870055379454 99.9870055379454 99.9870055379454 99.9870055379454 99.9870055379454 99.9870055379454 99.9870055379454 99.9870055379454 99.9870055379454 99.9870055379454
99.7899736364878 99.793896410574 99.7919449981576 99.7832653293626 99.7688923190832 99.7502721064078 99.7360993404858 99.7233296538393 99.7229116945303 99.7348816331095 99.7518029716287 99.7784479287662 99.8042968232278 99.8332694973058 99.8584184354797 99.8838566174971 99.9059983762683 99.923284294293 99.9384951883014 99.9514240523158 99.9594443534864 99.9684195707607 99.9738677921503 99.9784276362764 99.9815268142299 99.9837587114038 99.9851529495068 99.9860585736645 99.9865223344446 99.9867877232658 99.9869145988103 99.9869701130722 99.9869919776127 99.987000623797 99.9870055379454 99.9870055379454 99.9870055379454 99.9870055379454 99.9870055379454 99.9870055379454 99.9870055379454 99.9870055379454 99.9870055379454 99.9870055379454 99.9870055379454 99.9870055379454
99.8575298663937 99.8599647445694 99.8566361111573 99.8501989471305 99.840495833658 99.8284773979093 99.8196250029262 99.8129789797025 99.8120969756699 99.8193402913404 99.8306213123085 99.8466304375846 99.8678988546744 99.8869405167369 99.9061467330977 99.9223253550953 99.9371646701943 99.9491957352868 99.9576785199343 99.9661852081408 99.9718756427942 99.9763738959177 99.9796835113349 99.9821696136555 99.9840119826744 99.9852442714966 99.9860375979648 99.9864951358117 99.9867559124387 99.9868980606689 99.9869618232694 99.9869878529169 99.9869990603215 99.9870031321886 99.9870055379454 99.9870055379454 99.9870055379454 99.9870055379454 99.9870055379454 99.9870055379454 99.9870055379454 99.9870055379454 99.9870055379454 99.9870055379454 99.9870055379454 99.9870055379454
99.9103581450662 99.9102153623557 99.9065895200282 99.9025041240857 99.894905877584 99.88586199173 99.8797412603758 99.8758702219692 99.8756728024573 99.8799320503339 99.8880092320895 99.899977171843 99.9130255638969 99.9248172064128 99.9376438306773 99.9484346158315 99.956605929964 99.9650388372055 99.971113760994 99.9751710132716 99.9786659225198 99.9812111252775 99.9830888191829 99.9845038634947 99.9854483161104 99.9861222391558 99.9865037565113 99.9867568856774 99.9868895449231 99.9869570510149 99.9869849176965 99.9869971870804 99.9870024563823 99.9870044704742 99.9870055379454 99.9870055379454 99.9870055379454 99.9870055379454 99.9870055379454 99.9870055379454 99.9870055379454 99.9870055379454 99.9870055379454 99.9870055379454 99.9870055379454 99.9870055379454
99.9428567997811 99.9423290445412 99.9398895083132 99.9346344586394 99.9299149340567 99.9253963508237 99.9213540792816 99.9193634387571 99.9192368100102 99.921598493068 99.9263069587736 99.9335410322818 99.9430316619259 99.9512053006605 99.957560758237 99.9649455345731 99.9706110610815 99.974657219043 99.9781644127211 99.9807248452911 99.982618516591 99.9839962235842 99.98505138819 99.9857587860533 99.9862553554896 99.9865651852297 99.986776869416 99.9868985810749 99.986957636045 99.9869832311547 99.9869957240025 99.9870016173823 99.9870041006034 99.987005058765 99.9870055379454 99.9870055379454 99.9870055379454 99.9870055379454 99.9870055379454 99.9870055379454 99.9870055379454 99.9870055379454 99.9870055379454 99.9870055379454 99.9870055379454 99.9870055379454
99.962151799598 99.961272671437 99.9594995289551 99.9571455581177 99.9549206549413 99.9524237221195 99.9497226067169 99.9480494756467 99.9481269830534 99.9500963320458 99.9529800474058 99.9559987765302 99.9609048803272 99.9670258976645 99.9712903990832 99.9746846539341 99.9779979481453 99.9804929610262 99.9823810525798 99.9837671104035 99.9848272097337 99.985564923738 99.9860907618261 99.9864194713852 99.9866653869553 99.9868145858405 99.9869094902466 99.9869620886617 99.986985216156 99.9869959639004 99.9870011409261 99.987003852603 99.9870049463595 99.9870053432769 99.9870055379454 99.9870055379454 99.9870055379454 99.9870055379454 99.9870055379454 99.9870055379454 99.9870055379454 99.9870055379454 99.9870055379454 99.9870055379454 99.9870055379454 99.9870055379454
99.9740984011825 99.9736041636963 99.9726886798979 99.9717062100511 99.9698362011993 99.9681745684449 99.9669821496666 99.9659146353997 99.9659599240927 99.967156774885 99.9687425910642 99.9710424981427 99.9731543532543 99.9760761874023 99.9784676436132 99.9806173563404 99.9823579271994 99.9837161121818 99.9846985911875 99.9854616752315 99.9860068565368 99.9863353806744 99.9865981909785 99.9867578587924 99.9868670016827 99.9869327774599 99.986968284535 99.9869883711335 99.9869973322194 99.9870017730521 99.987003872467 99.9870048894516 99.9870053215708 99.9870054680263 99.9870055379454 99.9870055379454 99.9870055379454 99.9870055379454 99.9870055379454 99.9870055379454 99.9870055379454 99.9870055379454 99.9870055379454 99.9870055379454 99.9870055379454 99.9870055379454
99.980709575044 99.9803819934117 99.9797352989927 99.9790126834769 99.9780606012471 99.9770606528925 99.9764226846595 99.9759249098094 99.9759501685102 99.976471272809 99.9772864218616 99.9785671731016 99.9798709923263 99.9813643958788 99.9826625268934 99.9838257003808 99.9847048027191 99.9854393517481 99.9859529896236 99.9863044367717 99.9865512524081 99.9867303697347 99.9868354880672 99.9869123129352 99.9869555753618 99.9869765575552 99.9869910219077 99.9869991800971 99.9870025575235 99.9870041728476 99.9870049555737 99.9870053260621 99.9870054660307 99.9870055163658 99.9870055379454 99.9870055379454 99.9870055379454 99.9870055379454 99.9870055379454 99.9870055379454 99.9870055379454 99.9870055379454 99.9870055379454 99.9870055379454 99.9870055379454 99.9870055379454
99.9840511001058 99.9838672185097 99.98352313633 99.9831086835492 99.9826516217103 99.9820497927794 99.9816971585378 99.9814598789574 99.9814733237469 99.9817359599544 99.9821815026419 99.9828232374559 99.9835587874307 99.9843135586423 99.9849507692698 99.9855009157638 99.9859753893747 99.9862953399621 99.9865370280238 99.9867173298694 99.986823064256 99.9869021615805 99.9869477651819 99.9869712031136 99.9869871904526 99.9869951542214 99.9870001544403 99.9870031853506 99.9870044853579 99.9870050747278 99.9870053514432 99.9870054700133 99.9870055172895 99.9870055335749 99.9870055379454 99.9870055379454 99.9870055379454 99.9870055379454 99.9870055379454 99.9870055379454 99.9870055379454 99.9870055379454 99.9870055379454 99.9870055379454 99.9870055379454 99.9870055379454
99.9857174842394 99.985618722741 99.9854572307353 99.9852592108353 99.9850403701319 99.9847848620234 99.9845772915389 99.9845106403172 99.984530910656 99.9846161881144 99.9848985644494 99.98516839833 99.9855267239208 99.9858899186368 99.98619795468 99.9864537009794 99.9866590126807 99.9868007151852 99.9868933114204 99.9869503515937 99.9869772882737 99.9869924828177 99.9870000041893 99.9870032896416 99.9870047247147 99.9870052713329 99.9870054616639 99.9870055379454 99.9870055379454 99.9870055379454 99.9870055379454 99.9870055379454 99.9870055379454 99.9870055379454 99.9870055379454 99.9870055379454 99.9870055379454 99.9870055379454 99.9870055379454 99.9870055379454 99.9870055379454 99.9870055379454 99.9870055379454 99.9870055379454 99.9870055379454 99.9870055379454
99.9864899086108 99.9864367763033 99.9863503483391 99.9862721786355 99.9861716623629 99.9860644842394 99.9859817305389 99.9859367141595 99.9859399925709 99.9860006009851 99.9861080216226 99.9862258803847 99.9863670719754 99.9865256505675 99.9866678997793 99.9867814495167 99.9868676274927 99.9869267519439 99.9869633961903 99.9869838527579 99.9869940449862 99.9870003480822 99.987003314656 99.9870046761388 99.9870052204861 99.9870054348424 99.9870055110238 99.9870055379454 99.9870055379454 99.9870055379454 99.9870055379454 99.9870055379454 99.9870055379454 99.9870055379454 99.9870055379454 99.9870055379454 99.9870055379454 99.9870055379454 99.9870055379454 99.9870055379454 99.9870055379454 99.9870055379454 99.9870055379454 99.9870055379454 99.9870055379454 99.9870055379454
99.9868397400487 99.9868122074311 99.9867777935443 99.9867325005211 99.9866826703849 99.9866418441419 99.9866011142794 99.9865712717156 99.9865743074155 99.9866054785347 99.9866498921823 99.9867026647312 99.9867607570279 99.98682002578 99.9868816243836 99.9869242614 99.9869585093757 99.9869754411499 99.9869901142547 99.9869975485095 99.987001100085 99.98700360226 99.9870047602028 99.9870052320234 99.987005429524 99.9870055063674 99.9870055312426 99.9870055379454 99.9870055379454 99.9870055379454 99.9870055379454 99.9870055379454 99.9870055379454 99.9870055379454 99.9870055379454 99.9870055379454 99.9870055379454 99.9870055379454 99.9870055379454 99.9870055379454 99.9870055379454 99.9870055379454 99.9870055379454 99.9870055379454 99.9870055379454 99.9870055379454
99.9869816257752 99.9869687464916 99.986952537645 99.9869319932739 99.9869075777869 99.9868862315488 99.9868707421492 99.9868573915222 99.9868540955155 99.9868625761966 99.9868810429675 99.9869006406045 99.9869234155757 99.9869467570393 99.9869639116505 99.9869760028473 99.9869884994955 99.9869949028337 99.9869997428627 99.9870027856552 99.9870041187408 99.9870048797692 99.9870052925186 99.9870054399854 99.9870055075683 99.9870055307169 99.98700553737 99.9870055379454 99.9870055379454 99.9870055379454 99.9870055379454 99.9870055379454 99.9870055379454 99.9870055379454 99.9870055379454 99.9870055379454 99.9870055379454 99.9870055379454 99.9870055379454 99.9870055379454 99.9870055379454 99.9870055379454 99.9870055379454 99.9870055379454 99.9870055379454 99.9870055379454
99.9870055379454 99.9870055379454 99.9870055379454 99.9870055379454 99.9870055379454 99.9870055379454 99.9870055379454 99.9870055379454 99.9870055379454 99.9870055379454 99.9870055379454 99.9870055379454 99.9870055379454 99.9870055379454 99.9870055379454 99.9870055379454 99.9870055379454 99.9870055379454 99.9870055379454 99.9870055379454 99.9870055379454 99.9870055379454 99.9870055379454 99.9870055379454 99.9870055379454 99.9870055379454 99.9870055379454 99.9870055379454 99.9870055379454 99.9870055379454 99.9870055379454 99.9870055379454 99.9870055379454 99.9870055379454 99.9870055379454 99.9870055379454 99.9870055379454 99.9870055379454 99.9870055379454 99.9870055379454 99.9870055379454 99.9870055379454 99.9870055379454 99.9870055379454 99.9870055379454 99.9870055379454
99.9870055379454 99.9870055379454 99.9870055379454 99.9870055379454 99.9870055379454 99.9870055379454 99.9870055379454 99.9870055379454 99.9870055379454 99.9870055379454 99.9870055379454 99.9870055379454 99.9870055379454 99.9870055379454 99.9870055379454 99.9870055379454 99.9870055379454 99.9870055379454 99.9870055379454 99.9870055379454 99.9870055379454 99.9870055379454 99.9870055379454 99.9870055379454 99.9870055379454 99.9870055379454 99.9870055379454 99.9870055379454 99.9870055379454 99.9870055379454 99.9870055379454 99.9870055379454 99.9870055379454 99.9870055379454 99.9870055379454 99.9870055379454 99.9870055379454 99.9870055379454 99.9870055379454 99.9870055379454 99.9870055379454 99.9870055379454 99.9870055379454 99.9870055379454 99.9870055379454 99.9870055379454
99.9870055379454 99.9870055379454 99.9870055379454 99.9870055379454 99.9870055379454 99.9870055379454 99.9870055379454 99.9870055379454 99.9870055379454 99.9870055379454 99.9870055379454 99.9870055379454 99.9870055379454 99.9870055379454 99.9870055379454 99.9870055379454 99.9870055379454 99.9870055379454 99.9870055379454 99.9870055379454 99.9870055379454 99.9870055379454 99.9870055379454 99.9870055379454 99.9870055379454 99.9870055379454 99.9870055379454 99.9870055379454 99.9870055379454 99.9870055379454 99.9870055379454 99.9870055379454 99.9870055379454 99.9870055379454 99.9870055379454 99.9870055379454 99.9870055379454 99.9870055379454 99.9870055379454 99.9870055379454 99.9870055379454 99.9870055379454 99.9870055379454 99.9870055379454 99.9870055379454 99.9870055379454
99.9870055379454 99.9870055379454 99.9870055379454 99.9870055379454 99.9870055379454 99.9870055379454 99.9870055379454 99.9870055379454 99.9870055379454 99.9870055379454 99.9870055379454 99.9870055379454 99.9870055379454 99.9870055379454 99.9870055379454 99.9870055379454 99.9870055379454 99.9870055379454 99.9870055379454 99.9870055379454 99.9870055379454 99.9870055379454 99.9870055379454 99.9870055379454 99.9870055379454 99.9870055379454 99.9870055379454 99.9870055379454 99.9870055379454 99.9870055379454 99.9870055379454 99.9870055379454 99.9870055379454 99.9870055379454 99.9870055379454 99.9870055379454 99.9870055379454 99.9870055379454 99.9870055379454 99.9870055379454 99.9870055379454 99.9870055379454 99.9870055379454 99.9870055379454 99.9870055379454 99.9870055379454
