GIS/Tiger_BrownianBridgeUD.asc
NCOLS 372 
NROWS 240 
XLLCORNER 151.739619229744 
YLLCORNER -23.641576074807 
CELLSIZE 0.00140000000000002 
NODATA_value -9999 
[rows 189 to 209 of 240, columns 94 to 140 of 372]
99.9999982006591 99.9999979766764 99.9999977338412 99.9999974894996 99.9999972244463 99.9999969114696 99.9999966001919 99.9999962284234 99.9999958533334 99.9999954553897 99.9999950594368 99.9999946538588 99.9999942055166 99.9999937314285 99.9999932397943 99.9999926932703 99.9999921909387 99.9999916536075 99.9999911656039 99.9999906501056 99.9999900661237 99.9999894960789 99.9999889204768 99.999988359465 99.9999878850961 99.99998743828 99.9999869250601 99.9999864108167 99.9999859644288 99.9999855348963 99.9999851232371 99.9999847842326 99.9999845397454 99.9999844393045 99.999984134778 99.9999838841166 99.9999836779922 99.9999835870362 99.9999835952809 99.9999836811393 99.9999838763882 99.999983959298 99.999984059278 99.9999842201047 99.9999844367711 99.999984758766 99.9999851857277
99.9999986807029 99.9999985134404 99.9999983359408 99.9999981595652 99.9999979466764 99.9999977436851 99.9999974884193 99.9999972224627 99.9999969505083 99.9999966630818 99.9999963690957 99.9999960734868 99.9999957455217 99.9999953897578 99.9999950139061 99.9999946193745 99.9999942604029 99.9999938634456 99.999993490104 99.9999931331355 99.9999927161585 99.9999922826905 99.9999918542411 99.9999914500609 99.999991093545 99.9999907254563 99.9999904162056 99.9999900492262 99.9999896915765 99.9999893936377 99.9999890770378 99.9999888134856 99.9999886522097 99.9999885486287 99.9999883390142 99.9999881236908 99.9999879930992 99.999987956466 99.9999879749078 99.9999880156141 99.9999881607827 99.9999882163923 99.9999882914794 99.9999883854519 99.9999885575981 99.9999888140098 99.9999891031764
99.9999990365531 99.9999989152953 99.9999987860203 99.9999986601361 99.9999985044786 99.999998355946 99.9999981644885 99.9999979685666 99.9999977707135 99.999997559039 99.9999973413196 99.9999971229099 99.9999968932112 99.9999966428568 99.9999963410004 99.9999960702826 99.9999957930137 99.9999955022116 99.999995230303 99.9999949676258 99.999994657958 99.9999943507996 99.999994044591 99.9999937542094 99.9999934832238 99.9999932301183 99.9999930252081 99.9999927379662 99.9999924276227 99.9999922365105 99.999992014583 99.9999918386149 99.9999916715075 99.9999915819385 99.9999914479717 99.9999913061247 99.9999912247622 99.9999911917862 99.9999911720376 99.9999912257037 99.9999913244074 99.9999913975307 99.9999914403951 99.9999915202277 99.9999916586556 99.9999918438813 99.9999920584385
99.9999993023438 99.999999214969 99.9999991202585 99.9999990206805 99.9999989100273 99.9999988017289 99.9999986628169 99.9999985240444 99.9999983817386 99.9999982200856 99.9999980732524 99.9999978981154 99.9999977377021 99.9999975377729 99.9999973240151 99.9999971319502 99.9999969313157 99.9999967211484 99.9999965293369 99.999996357274 99.9999961066391 99.9999958933703 99.9999956567004 99.9999954375743 99.9999952435303 99.9999950624244 99.9999948924253 99.9999947155912 99.9999944918502 99.9999943117349 99.9999941710925 99.9999940519814 99.9999939272656 99.9999938410361 99.9999937660354 99.9999936842486 99.9999936221203 99.9999935997571 99.9999935487719 99.9999935771451 99.9999936299876 99.999993711323 99.9999937667191 99.9999938292961 99.9999939285872 99.9999940559578 99.9999942144771
99.9999994974852 99.9999994367609 99.9999993639017 99.9999992889096 99.9999992126286 99.9999991283752 99.9999990295483 99.9999989302981 99.9999988262854 99.9999987079737 99.9999986051421 99.9999984719697 99.9999983642287 99.9999982114375 99.9999980633323 99.9999979229108 99.9999977680262 99.9999976195905 99.9999974724387 99.9999973354805 99.9999971483792 99.9999970101154 99.9999968479504 99.999996673564 99.9999965261354 99.999996418064 99.9999963103715 99.9999961395073 99.9999959900443 99.9999958734397 99.9999957609683 99.9999956641266 99.999995585527 99.9999955383537 99.9999955009435 99.9999954144358 99.9999953652179 99.9999953408538 99.9999953165735 99.9999953242425 99.9999953821115 99.9999954538592 99.9999954665955 99.9999955149747 99.9999955747085 99.9999956676677 99.9999957713687
99.9999996412875 99.9999995964525 99.999999543212 99.9999994900316 99.99999943517 99.9999993749067 99.999999304437 99.999999231038 99.9999991521674 99.9999990696177 99.9999989856353 99.9999988960925 99.9999988159747 99.9999987105427 99.9999986010875 99.9999984993734 99.9999983800749 99.999998276097 99.9999981798273 99.9999980624431 99.9999979483825 99.999997839469 99.999997718293 99.9999975899511 99.9999974867348 99.9999974007532 99.9999973130702 99.9999972130881 99.9999971074996 99.9999970213983 99.9999969352166 99.9999968583425 99.9999968035597 99.9999967607985 99.9999967451078 99.9999967044392 99.9999966420127 99.9999966173398 99.9999966021838 99.9999966103206 99.9999966592034 99.9999967136553 99.9999967292466 99.9999967677506 99.9999968011944 99.9999968588666 99.9999969378551
99.9999997473559 99.9999997131232 99.9999996757031 99.999999637986 99.9999995976127 99.9999995540473 99.9999995056159 99.9999994512216 99.9999993947872 99.9999993342025 99.9999992701312 99.9999992078902 99.9999991460184 99.999999073221 99.9999989976862 99.9999989192138 99.9999988373491 99.9999987567042 99.9999986900935 99.9999986085648 99.9999985297054 99.9999984495734 99.9999983586462 99.999998262447 99.9999981987159 99.9999981314289 99.999998052711 99.9999979875668 99.999997918431 99.9999978553466 99.9999977912154 99.9999977316557 99.9999976959881 99.9999976709965 99.9999976432531 99.9999976102191 99.9999975784302 99.999997561649 99.9999975559355 99.9999975652338 99.9999975947392 99.9999976226258 99.9999976501989 99.9999976638228 99.9999976937077 99.9999977328665 99.9999977856047
99.9999998197894 99.9999997960135 99.9999997708926 99.9999997447441 99.99999971571 99.9999996863942 99.9999996476966 99.9999996101561 99.9999995700819 99.9999995262617 99.9999994814376 99.9999994368012 99.9999993906687 99.9999993403899 99.9999992843385 99.9999992287815 99.9999991707254 99.9999991122807 99.9999990577238 99.9999990054419 99.999998952384 99.9999988866726 99.9999988254274 99.9999987593744 99.9999987062394 99.9999986614136 99.9999986060937 99.9999985556874 99.9999985065472 99.9999984648126 99.999998418455 99.999998369941 99.9999983442721 99.9999983300583 99.9999983259655 99.9999982875083 99.9999982586717 99.9999982479432 99.9999982487792 99.9999982544558 99.999998277514 99.9999983079968 99.9999983218889 99.999998324997 99.9999983426149 99.9999983721016 99.9999984093594
99.9999998717982 99.9999998553616 99.9999998379808 99.9999998191704 99.9999997988612 99.9999997794881 99.9999997535188 99.9999997266177 99.9999996968818 99.9999996659009 99.9999996353664 99.9999996027589 99.9999995672756 99.9999995359396 99.9999994928171 99.9999994529437 99.9999994107327 99.9999993694104 99.9999993301971 99.999999293813 99.9999992548266 99.9999992070678 99.9999991590558 99.9999991209786 99.9999990771823 99.9999990410695 99.9999990069097 99.9999989755165 99.999998934171 99.9999989021098 99.9999988731516 99.9999988402807 99.9999988178429 99.9999988055514 99.9999987988545 99.9999987816074 99.9999987632013 99.9999987508101 99.9999987493543 99.9999987525236 99.9999987658432 99.999998784549 99.9999988004644 99.9999988106683 99.9999988220899 99.9999988404553 99.9999988678094
99.9999999087459 99.9999998975472 99.9999998856093 99.9999998721146 99.9999998580074 99.9999998420897 99.9999998254356 99.9999998075078 99.9999997872801 99.9999997660915 99.999999744816 99.9999997209576 99.9999996997872 99.9999996761917 99.9999996441953 99.9999996152084 99.999999585765 99.9999995549003 99.9999995261277 99.9999995026068 99.9999994731405 99.999999439828 99.999999406678 99.9999993765935 99.9999993463752 99.9999993200438 99.9999992968148 99.9999992738136 99.9999992471771 99.9999992206307 99.9999991979321 99.999999178565 99.9999991620159 99.9999991508534 99.9999991454148 99.9999991348283 99.9999991209588 99.999999116531 99.9999991150305 99.9999991162427 99.9999991231124 99.9999991346689 99.9999991458813 99.9999991536012 99.9999991630604 99.9999991773741 99.9999991982758
99.999999935682 99.9999999281148 99.9999999190562 99.9999999098112 99.9999998999821 99.999999889219 99.9999998778118 99.9999998641508 99.9999998496809 99.9999998359337 99.9999998209502 99.9999998045376 99.9999997895821 99.9999997717961 99.9999997513871 99.9999997314664 99.9999997106514 99.9999996894002 99.9999996701018 99.9999996523181 99.999999630704 99.9999996058027 99.9999995848895 99.9999995623609 99.999999539365 99.9999995208245 99.9999995064593 99.9999994901601 99.9999994681403 99.9999994514495 99.999999437128 99.9999994222676 99.9999994097917 99.9999994010845 99.9999993958851 99.9999993923007 99.9999993842871 99.9999993782158 99.9999993768401 99.9999993760756 99.9999993799289 99.9999993896879 99.9999994000074 99.9999994055566 99.9999994136174 99.9999994231923 99.9999994375684
99.9999999549449 99.9999999492478 99.9999999428693 99.9999999364991 99.9999999294283 99.9999999220112 99.9999999144318 99.9999999050357 99.999999895039 99.9999998850285 99.9999998735113 99.9999998629275 99.9999998523974 99.9999998411364 99.999999827259 99.9999998132673 99.9999997979029 99.9999997841102 99.9999997712389 99.9999997571946 99.9999997432113 99.9999997277439 99.9999997123758 99.9999996957206 99.9999996794131 99.9999996678868 99.9999996558599 99.9999996442586 99.9999996312472 99.9999996171399 99.9999996071878 99.9999995972413 99.999999588191 99.9999995816448 99.9999995767201 99.9999995745409 99.9999995711299 99.9999995665165 99.9999995643956 99.9999995642454 99.9999995666641 99.9999995713028 99.9999995788626 99.9999995856801 99.9999995915397 99.9999995991823 99.9999996086931
99.9999999683302 99.9999999642307 99.9999999598976 99.9999999553157 99.9999999502995 99.9999999451915 99.9999999400922 99.9999999332245 99.9999999266201 99.9999999191296 99.9999999113756 99.9999999037922 99.9999998960212 99.9999998878955 99.9999998785751 99.9999998699074 99.9999998583373 99.9999998494883 99.9999998402342 99.9999998302549 99.9999998208985 99.9999998113556 99.9999998006811 99.9999997889751 99.9999997784508 99.9999997713798 99.9999997617976 99.9999997522496 99.9999997447139 99.9999997365255 99.9999997284459 99.9999997204775 99.9999997136375 99.9999997099882 99.9999997085829 99.9999997063737 99.999999702168 99.9999996999795 99.9999996981654 99.9999996980346 99.9999997004179 99.9999997037987 99.9999997123153 99.999999713965 99.9999997173737 99.999999721711 99.9999997283044
99.9999999778015 99.9999999748635 99.9999999718771 99.9999999686426 99.9999999651458 99.9999999616542 99.9999999579605 99.9999999534405 99.9999999485067 99.9999999433414 99.9999999382316 99.9999999328207 99.9999999272537 99.9999999218578 99.999999915436 99.9999999094959 99.9999999018207 99.9999998950067 99.9999998887273 99.9999998818716 99.9999998752514 99.9999998688281 99.9999998612485 99.9999998529166 99.9999998462085 99.9999998405704 99.9999998339792 99.9999998286944 99.9999998234773 99.9999998171299 99.9999998123994 99.9999998067869 99.99999980185 99.9999997990245 99.999999798315 99.999999797718 99.9999997948548 99.9999997926082 99.9999997910587 99.9999997910317 99.9999997924935 99.9999997957395 99.9999998014843 99.9999998024176 99.9999998046111 99.999999807612 99.9999998111758
99.9999999844519 99.9999999824987 99.9999999804625 99.99999997809 99.9999999756909 99.9999999732913 99.9999999705406 99.9999999674882 99.999999964072 99.9999999604874 99.9999999568505 99.9999999530576 99.9999999492294 99.9999999453886 99.9999999414949 99.9999999363588 99.9999999317615 99.9999999268815 99.9999999222041 99.9999999176718 99.9999999132658 99.9999999082866 99.9999999041842 99.9999998981358 99.9999998933884 99.9999998891842 99.9999998844961 99.9999998804588 99.9999998775743 99.9999998734637 99.9999998699063 99.9999998655803 99.9999998631096 99.9999998610501 99.9999998600306 99.9999998598964 99.9999998578101 99.9999998558473 99.9999998551297 99.9999998550966 99.9999998565704 99.9999998586499 99.9999998616055 99.999999863201 99.9999998647065 99.9999998666065 99.9999998687567
99.9999999892411 99.9999999878584 99.9999999864668 99.9999999847469 99.9999999831994 99.9999999813195 99.999999979474 99.9999999773964 99.99999997497 99.9999999725116 99.9999999700146 99.9999999674846 99.9999999649258 99.9999999621446 99.9999999593532 99.9999999560102 99.9999999526396 99.9999999492093 99.9999999458501 99.9999999426041 99.9999999398366 99.9999999365051 99.9999999328785 99.9999999294848 99.999999926206 99.9999999230479 99.9999999199654 99.9999999174751 99.9999999151931 99.9999999119118 99.9999999098199 99.9999999069384 99.9999999052203 99.9999999038131 99.9999999028662 99.9999999028043 99.9999999017031 99.9999999001187 99.9999998999634 99.9999998995356 99.999999900624 99.9999999016142 99.9999999036181 99.999999905335 99.999999906393 99.9999999076659 99.9999999093545
99.9999999926357 99.9999999916976 99.999999990668 99.9999999894897 99.9999999883925 99.9999999870397 99.9999999858014 99.9999999844056 99.9999999827374 99.9999999811132 99.999999979271 99.9999999775359 99.9999999756567 99.9999999737901 99.9999999716893 99.9999999694447 99.9999999671803 99.9999999648489 99.9999999625381 99.9999999603645 99.9999999581643 99.9999999562637 99.9999999535814 99.9999999511951 99.9999999489655 99.9999999467046 99.999999944508 99.9999999427228 99.9999999416291 99.999999939426 99.9999999373912 99.9999999357938 99.9999999345786 99.9999999336571 99.999999932885 99.9999999323315 99.9999999317718 99.9999999312734 99.999999931193 99.9999999309847 99.999999931414 99.9999999321568 99.9999999332128 99.9999999341131 99.9999999349794 99.9999999361 99.9999999374856
99.9999999949537 99.9999999943453 99.9999999935651 99.9999999928165 99.9999999920061 99.9999999911231 99.9999999902591 99.9999999892662 99.9999999880612 99.9999999870232 99.9999999857638 99.9999999844449 99.9999999831964 99.9999999818677 99.9999999805468 99.9999999789866 99.9999999774009 99.9999999758656 99.999999974183 99.9999999726432 99.9999999712541 99.9999999697861 99.9999999680208 99.9999999663061 99.9999999646889 99.9999999631332 99.9999999618074 99.9999999606309 99.9999999595462 99.9999999583955 99.9999999569612 99.9999999557032 99.9999999548159 99.9999999541807 99.9999999537326 99.9999999534694 99.9999999531546 99.9999999525628 99.9999999524423 99.9999999524253 99.9999999527015 99.9999999533234 99.9999999541367 99.9999999547718 99.9999999554071 99.9999999560397 99.9999999568588
99.9999999965768 99.9999999961428 99.9999999956141 99.9999999951038 99.9999999945409 99.9999999939483 99.9999999933642 99.9999999926852 99.9999999918936 99.9999999910866 99.9999999902373 99.9999999893276 99.9999999884597 99.9999999875324 99.9999999866434 99.9999999856452 99.9999999845102 99.9999999833713 99.9999999823421 99.9999999811551 99.9999999801935 99.9999999792901 99.9999999780973 99.9999999768781 99.9999999758052 99.9999999746407 99.9999999737637 99.9999999729885 99.999999972299 99.9999999713373 99.9999999704065 99.9999999696907 99.9999999690444 99.9999999685486 99.9999999680293 99.9999999679188 99.9999999679463 99.9999999676108 99.9999999673286 99.999999967275 99.9999999674661 99.9999999677767 99.9999999682271 99.9999999689532 99.9999999693967 99.9999999698338 99.9999999704263
99.999999997643 99.9999999973547 99.9999999970204 99.9999999966697 99.9999999962995 99.9999999958975 99.9999999955166 99.9999999950158 99.9999999945107 99.9999999939366 99.9999999933161 99.9999999927133 99.9999999921108 99.9999999914917 99.9999999909278 99.9999999901921 99.999999989466 99.9999999886457 99.9999999879417 99.9999999871477 99.999999986423 99.9999999858209 99.9999999851133 99.9999999842081 99.9999999834115 99.9999999827649 99.9999999820776 99.9999999813991 99.9999999809159 99.9999999804802 99.9999999798534 99.9999999792738 99.9999999787871 99.9999999784788 99.9999999781448 99.9999999780651 99.9999999780398 99.9999999777867 99.9999999776409 99.9999999776247 99.9999999777601 99.9999999779676 99.9999999784053 99.9999999788123 99.9999999790532 99.9999999793777 99.9999999797868
99.9999999983825 99.9999999981768 99.9999999979512 99.9999999977186 99.9999999974783 99.9999999972061 99.999999996962 99.9999999966423 99.9999999962971 99.9999999959016 99.9999999954834 99.9999999950772 99.999999994657 99.9999999942158 99.9999999938849 99.9999999933755 99.9999999928242 99.9999999923043 99.9999999917979 99.9999999912684 99.9999999907684 99.9999999903437 99.9999999898735 99.9999999893224 99.999999988689 99.9999999882502 99.9999999877867 99.9999999873041 99.9999999869407 99.9999999866999 99.9999999863542 99.9999999859898 99.9999999855792 99.9999999852493 99.9999999850944 99.9999999850811 99.9999999851858 99.9999999850083 99.9999999848 99.9999999846689 99.9999999847664 99.9999999849745 99.999999985248 99.9999999856063 99.9999999858139 99.9999999860446 99.9999999863011
