GIS/Tiger_FixedKUD.asc
NCOLS 300 
NROWS 147 
XLLCORNER 151.698123695652 
YLLCORNER -23.6121463043478 
CELLSIZE 0.00201260869565232 
NODATA_value -9999 
[rows 40 to 59 of 147, columns 92 to 137 of 300]
99.9869917706785 99.9869822767206 99.9869668631424 99.9869474319148 99.9869132292717 99.9868786781371 99.9868223100341 99.9867750144718 99.9867083769573 99.9866391361358 99.9865321911914 99.98641362453 99.9862745411293 99.9861108775246 99.9858694137874 99.9856023865363 99.9853083273577 99.9849902543271 99.9846672395792 99.9844209169273 99.9841123731288 99.9838917510449 99.9836642855993 99.9833308533445 99.982957904993 99.9824385270302 99.9817746357065 99.9810237143546 99.9800221209164 99.9790503603971 99.9780814323406 99.9772416448957 99.9768530083509 99.9767587038728 99.9769462541896 99.977658926187 99.9788410541693 99.9800387407291 99.981391861189 99.9827382908126 99.9838835832979 99.9848630919587 99.985518150686 99.9859626250204 99.9861500333659 99.9860526396948
99.9869522284377 99.9869080582397 99.9868369119792 99.9867460024601 99.9866322878262 99.9864720571692 99.9862999002938 99.9861334747051 99.9859168459135 99.98569458788 99.9854257725308 99.9851216033229 99.9847604219586 99.9843784998458 99.9837838903637 99.9831775694124 99.982506767198 99.9817875091047 99.9811397344552 99.9804614825223 99.9797524287521 99.9793105256994 99.9787246765865 99.9780188598874 99.9771288447659 99.9761262520949 99.9742967573034 99.9726255800346 99.9708994158722 99.9686217677704 99.9662746697869 99.9637498899435 99.9618436745928 99.9604242683563 99.9598833722836 99.9599921602596 99.9606385771934 99.9613248823161 99.9624568774448 99.9633573779304 99.9642340459052 99.9648051500543 99.9656414687711 99.966095350965 99.9668065326596 99.9673303961281
99.9868466979603 99.9867314353015 99.9865449808697 99.9863111679959 99.986031512277 99.9856669543586 99.9852191771984 99.9847419521812 99.9842623091628 99.9836903222949 99.9830688556901 99.9823694912777 99.9815135306312 99.9805554415804 99.979383290646 99.9778508579145 99.9764470047445 99.974546826066 99.9730317915612 99.9718082881762 99.9703927118171 99.9693373911431 99.9680513263577 99.9664971613699 99.9643299266064 99.9611155094576 99.9579711363546 99.9546605983352 99.9510591480306 99.9460693288056 99.9414393720758 99.9359066020785 99.9321130054149 99.9300217398257 99.928301094665 99.9280830859798 99.9287354060509 99.9293802851471 99.9304465465611 99.9309732336498 99.931286130927 99.9320101039649 99.9326256862007 99.9336418574814 99.9341398822679 99.9347328586367
99.986423341117 99.986076213864 99.9855564772504 99.9848867920185 99.984019836317 99.9830287354077 99.9819398470058 99.9808907013128 99.9796140256125 99.9784876226462 99.9771741562597 99.9757211297465 99.9738387573379 99.9720426876546 99.9696464773677 99.9668944667144 99.962760067303 99.9586617702738 99.9554339002527 99.9527723949776 99.9496476636382 99.9466341057147 99.9443228156174 99.9411691720422 99.9363918268637 99.9307633700398 99.9249334892841 99.9177033089802 99.9097858190337 99.9007726680742 99.8909894877313 99.8827526136205 99.8760668172977 99.8724589310173 99.8695725915954 99.8676884772616 99.8670563541724 99.8666339719558 99.8659983084898 99.8651470040573 99.8632207664199 99.8621424075205 99.8619261114876 99.8630056775297 99.8653602276787 99.8672675182799
99.9856429156416 99.9847970263739 99.9836380549566 99.9820013017832 99.9802854238947 99.9781437452358 99.9757978927418 99.9731238483384 99.9711492742552 99.9684600986334 99.9657331304527 99.9618951465034 99.9580875017809 99.9542670968877 99.9494224975386 99.9433794537495 99.9345357647068 99.9272041862043 99.9207394549187 99.9142598764765 99.9077615296751 99.90265966626 99.8965637888929 99.8899448334128 99.881819455215 99.8736787310095 99.8586400241165 99.8442086197912 99.8292851072182 99.8112135948111 99.7964690429251 99.7819002689877 99.7703338492866 99.7604835283493 99.75142071152 99.7460175856031 99.7421050969149 99.7393211418621 99.733250341839 99.7241646123924 99.7191102922897 99.7143780802153 99.7095720906314 99.7091327514944 99.7117633803486 99.7148113828564
99.9839723977551 99.9820739134676 99.9796661598523 99.9765917781562 99.9725620837371 99.9683789132051 99.9629106019311 99.9570859918368 99.9528417175631 99.9471102550698 99.9420634802446 99.9340404902629 99.926981278246 99.9194900660725 99.9092105373425 99.896893059703 99.8820065570596 99.8674780500934 99.8518403457374 99.8384705192482 99.8254849844661 99.8141502144876 99.8033745087972 99.791617412396 99.7760047000226 99.7563600217384 99.7303827296387 99.6984339763377 99.6682618794371 99.638357365876 99.60860620135 99.5821168083178 99.5504159514107 99.5286518762106 99.5184355648048 99.5072701037636 99.497274454808 99.4767885593781 99.4625313423535 99.4391997486802 99.4176282283574 99.3960855006978 99.3842022477286 99.376480912126 99.3799194039793 99.3901728778144
99.9807400357679 99.9770150210616 99.9722077558845 99.9658239782071 99.9568464288207 99.9485110601177 99.9385890292718 99.9270927973868 99.9178322858237 99.907469403782 99.8973846405733 99.8849538312824 99.8722550036822 99.8532299493368 99.8356301420138 99.8103282862542 99.7863092404781 99.7567365618811 99.724998749609 99.6948066811207 99.6736668321055 99.6515610172959 99.6318174483242 99.6080248455384 99.5796400688504 99.5333404004391 99.4943844240785 99.4407764543398 99.380777558743 99.3174387570161 99.2725207002476 99.2181677948423 99.1587831325843 99.1240023522017 99.0927371122646 99.0569197176016 99.0015623497765 98.9531587361467 98.8801331551118 98.7981546326856 98.7150653117781 98.648243723118 98.5981250232618 98.5597153474439 98.5629328119706 98.5917596603283
99.9743525557736 99.9679678914807 99.9565457193969 99.9451625883922 99.9274254089948 99.9114913262929 99.890816209016 99.8708166545282 99.8473504282902 99.8271250348788 99.8061332059042 99.7842852392961 99.7556039063333 99.7208090267309 99.6794392835128 99.641580198042 99.5979672331263 99.5326729667244 99.4841658287845 99.4280868015151 99.3833468926052 99.3357885149907 99.2929813603496 99.2554581314387 99.1947257481428 99.1125417908578 99.014008807899 98.9030834744988 98.767989545204 98.6466945203224 98.5109360016004 98.3992559892461 98.2913072797976 98.232622118522 98.1664173177798 98.1272393939931 98.018929950091 97.9289971055254 97.8228529828301 97.7124353544376 97.5630296477871 97.4239583439412 97.3406549115897 97.2922446423339 97.2778736912185 97.3094133193836
99.9637984852101 99.9514969342396 99.9310779442391 99.9089219436977 99.8795501120582 99.8444523671872 99.808546266064 99.7710485320369 99.7291460692875 99.6860406628716 99.6484334661045 99.6091872063165 99.5555797675165 99.5022994850519 99.4272883643141 99.3474720978 99.2695348267384 99.1554739307023 99.0508685764114 98.9309475233007 98.8193988641302 98.7165564880079 98.6155268435372 98.4944095243391 98.3608630052192 98.2045142294674 98.1072091010312 97.9573149762066 97.8274988277851 97.7050231886217 97.5656413632139 97.4348908686932 97.3293369178941 97.2169454947438 97.100248156128 96.9694603256521 96.806580594743 96.5715415564516 96.3535745260025 96.135585700835 95.9059726452788 95.7430547172714 95.6197811885104 95.5027992139333 95.487995073642 95.5175689831313
99.9461504749978 99.921841524317 99.8904687257167 99.8468706104067 99.7980610302531 99.7369087415944 99.6672719529863 99.6033288460374 99.5204938842318 99.4540711479951 99.3756195994581 99.2958540464738 99.2150068102623 99.1009360534067 98.9570515079206 98.7795329096486 98.5869751040945 98.36438321769 98.1721913801836 98.0355588148493 97.9135643816604 97.8088387328717 97.7000741924689 97.5604175852965 97.3937163707751 97.211063805592 97.0042607854895 96.7830546123435 96.5643807160839 96.3764418012101 96.228716847439 96.1108050160368 95.9798257635151 95.8749442035233 95.7569618845117 95.5616135781976 95.3362814254393 95.0782028921389 94.7304530020104 94.4329232241276 94.1465595924014 93.9131706499206 93.7053419587781 93.5545332751408 93.5061628256936 93.5303701969004
99.9171856617322 99.8776265361182 99.8229983594319 99.7510383538923 99.6597499858632 99.5562234997849 99.4368291103989 99.3053076909451 99.1752037862093 99.0276116397431 98.8527556306488 98.6819729621394 98.4794136911047 98.2548373987297 98.091023679874 97.8912905388882 97.707494995121 97.4539063859211 97.2140083584117 96.9789800082843 96.7594546088725 96.5822575995401 96.4180806137398 96.2486051787052 96.0815860378247 95.8793936351613 95.6821180167731 95.4231420348028 95.2363961328294 95.033339856079 94.837740720838 94.7061425683963 94.6196940000425 94.4787064068471 94.3194746185934 94.1036921463597 93.8140470687262 93.3745351383888 92.891826224156 92.2861944746757 91.5777698020527 91.095199425626 90.7838783467789 90.5735399439174 90.4977963692414 90.5357473674399
99.8748809508524 99.8097360368736 99.720386104759 99.6074426132859 99.4556168129389 99.2764803568292 99.0557101310636 98.7780943186081 98.4827565540678 98.1931955611147 98.0021515345866 97.8205261655411 97.6146701266629 97.3575321429816 97.0757508093029 96.7796888206226 96.4738888418422 96.208712525194 95.9495681507719 95.7291125410703 95.492936145585 95.320690865242 95.1391450304504 94.9135962757096 94.7000446280121 94.5176139964704 94.2648453494722 94.0314240754171 93.8371525203695 93.5464820734771 93.3912872075848 93.2381661191969 93.0456037137008 92.8550336605422 92.5910252359071 92.0935050121929 91.4350028342536 90.8813106709447 90.0681072757111 89.3219782038306 88.4586948397555 87.9589412035431 87.5701709017605 86.9424292942692 86.7538604548482 86.791746724758
99.814733976465 99.7135083733099 99.5771566206646 99.3816344640813 99.1342290845399 98.770879550434 98.3360675715533 97.985209098004 97.7099656922334 97.3547300105817 97.0168221674132 96.6979047642202 96.3916247497931 96.1190818746502 95.8256570161382 95.5273983986061 95.2524214747562 94.9309015579969 94.6508892560239 94.4000061171587 94.1816991307194 93.9874990025952 93.7908860954391 93.4817744738302 93.2726308168337 92.955739872535 92.6006456372859 92.1852793914156 91.7393146899459 91.3684089626527 91.1299957455595 90.9892908803514 90.8204764905791 90.5609695528314 90.2007327247231 89.7531393645311 88.9760032782663 88.0954609397338 86.9799318298778 85.7258854966362 84.5313738612559 83.2031959565637 82.369919053214 81.7655530787093 81.5499357791644 81.5770608269726
99.7312045882906 99.5882710107704 99.3669381533014 99.060542298487 98.5853789116562 98.0788210537589 97.6425531379212 97.1245063508436 96.6071283318476 96.1926328675741 95.8301663139688 95.4581868415112 95.150073588801 94.8023111917666 94.5305264943164 94.20264368001 93.9206847501714 93.5384296013488 93.2898226774026 92.928428529487 92.6102557698644 92.2257905901669 91.8029694827114 91.3795328191967 91.0718477537503 90.6732775624053 90.2662706746626 89.9056079282517 89.5259228063037 89.2330798438246 88.9453259408784 88.6648391259335 88.4103648862532 88.2297403515144 87.8897364769312 87.0173655557509 85.8698197302342 84.6446792336487 82.8049749711086 80.9145156488536 78.6470999401235 77.0455145092471 75.5690609493322 74.3077627486114 73.6793232665418 73.7909799751808
99.6296160644441 99.4086003186837 99.084485763172 98.5256822459764 97.9551496053843 97.3798417381311 96.7151743703734 96.1066494866481 95.5567436631772 95.0726166808571 94.6133955072808 94.1886893697074 93.8524998891172 93.407970247491 93.0098526814117 92.5717649276992 91.9803701414587 91.5011433395627 91.1068378910865 90.7594034522852 90.3956361502334 90.0144845440839 89.7390638018506 89.3072430289352 88.8681921118591 88.3780219590551 88.0105124778613 87.6604481885663 86.9986773147569 86.5048013543978 86.2115219763439 85.9512325369873 85.7051167380164 85.262055940907 84.8021942265309 83.6638094320019 82.1094593284806 80.1445849872283 77.5398879805142 74.6001899986946 71.5903295660022 68.7900670646603 66.6311275829224 64.7885549204311 63.9154401034346 64.0133201836429
99.5001503279969 99.203318122224 98.6590388112959 97.9873337433654 97.3350059382389 96.4885115171984 95.8075718421707 95.1226179682796 94.4591326268976 93.8905521068036 93.2983874415289 92.6676697061288 91.8556526158075 91.1987235300787 90.7348629150958 90.2270139607226 89.8090875246638 89.3513956194537 88.9145519958951 88.4265062029149 88.1291480221914 87.837243679673 87.47901938344 86.6967981016089 86.1117904084909 85.6009490417368 85.0243454726075 84.4629028181823 83.9028100051221 83.2276590648607 82.9807802544352 82.6785323990474 82.343984814041 81.8723518350216 80.9984441575832 79.4674312771495 77.5725022895695 74.7455170817848 71.2672784623371 67.4109852050339 62.7738895396133 58.7419203905132 54.6208759364288 51.3019270276755 50.0164424238135 49.9547393880947
99.3501461073929 98.9111017525563 98.1798687851856 97.512946241391 96.5893955742467 95.7662235635695 94.8904030553143 94.1323633178739 93.323982624254 92.3758975652771 91.3011196202645 90.4851000646844 89.7671897692206 89.0065897634754 88.3453738692643 87.872258126013 87.2586822754105 86.5241017227191 85.9915848527096 85.6427044943448 85.1330440067315 84.779774361841 84.2324575108884 83.5193450293577 82.8301821776279 82.0832228168271 81.4953882097394 80.5761712910097 79.9106662220306 79.317868983395 78.9543072807444 78.5543014385378 78.2110736418045 77.6698679856677 76.7105134178032 75.0703713829357 72.3823406915307 68.7029201981535 64.0621970613483 58.5234438139636 51.3624287500841 45.4940476085701 41.2945755509873 38.0771369829628 36.5990065439858 36.2997812221182
99.2086531906318 98.588570086845 97.8413614606148 96.9375055326793 95.9452282748204 95.0050924118246 94.0749073977531 93.0366985120303 91.6643570953578 90.5104841552371 89.410044716822 88.2795376408656 87.3506825028569 86.0317073960569 85.1761556729933 84.5086056068559 83.7117459769848 83.030687030244 82.4989876064078 81.8989123913415 81.5227268886025 80.7740366142718 80.2899800470594 79.3478780477826 78.4922746168638 77.7665146660959 77.0788342469804 76.3029174479126 75.8161172200448 75.142193687755 74.6365794323232 74.2343270497922 73.902554213375 73.1163742051732 72.0676594615471 70.0273886288523 67.137482803223 62.217711331317 56.5194289870783 48.1439586125171 41.1541898798841 34.783432133817 31.0520335038483 27.9639879373694 26.4951603045929 26.0576295285308
99.0472225460079 98.2621898206694 97.5102832658772 96.4255922403229 95.3877221766406 94.3464959858244 93.2208734063128 91.6211798884302 90.1478842336117 88.6175345815938 87.2955168008875 85.5799848814308 84.1624719777 82.5504103759109 81.1928608824667 79.9692722279803 78.9237260524992 77.9899941599062 77.6375984625504 77.112125667409 76.4738636635288 76.0605937714342 75.3207578974643 74.4908387737927 73.3801933208193 72.7712372958534 71.9490906388587 71.3078300677149 70.7344448640565 70.1949455650846 69.859021724724 69.5208542558231 69.3085308794507 68.920678211436 67.8633850850246 65.1238276382705 61.2417115384753 55.8333389566274 47.5701549196188 39.5219287218988 33.2281960531586 27.5353469406744 22.5401957669496 19.7252366765551 17.9700485665194 17.574215980608
98.8990598988936 98.0828933140046 97.1784647523714 96.0564034934208 94.9020223040212 93.7676392019092 92.2358768189313 90.4341198135337 88.5542829968912 86.6585891993878 84.7124097362644 82.2920931856153 80.0862668042983 77.7986790882179 76.1300423033633 74.1975819504237 73.0020231449213 72.0281696582294 71.4291866336933 70.9402352024275 70.2784077822406 69.6478719514586 69.1799179513204 68.5718717381871 68.08738274258 67.5925765524581 66.8622443771428 66.2601026994499 65.9786133485392 65.6950674417888 65.5051036796807 65.4575216675971 64.9803638905053 64.2081815008341 62.9747038773625 60.0361531585475 55.9480901957608 48.3972398972739 40.9430876870437 33.4643334490916 27.1032108985623 20.5848483037607 16.7767528780429 12.4458253658126 10.5187668620321 10.1932842305037
