GIS/Tiger_BrownianBridgeUD.asc
NCOLS 372 
NROWS 240 
XLLCORNER 151.739619229744 
YLLCORNER -23.641576074807 
CELLSIZE 0.00140000000000002 
NODATA_value -9999 
[rows 210 to 230 of 240, columns 47 to 93 of 372]
99.9999999998674 99.9999999998674 99.9999999998674 99.9999999998673 99.9999999998673 99.9999999998672 99.9999999998671 99.9999999998669 99.9999999998668 99.9999999998665 99.9999999998663 99.9999999998659 99.9999999998655 99.999999999865 99.9999999998643 99.9999999998635 99.9999999998626 99.9999999998614 99.99999999986 99.9999999998582 99.999999999856 99.9999999998535 99.9999999998503 99.9999999998467 99.9999999998423 99.9999999998375 99.999999999831 99.9999999998235 99.9999999998145 99.9999999998038 99.9999999997917 99.9999999997775 99.9999999997612 99.9999999997439 99.9999999997195 99.9999999996931 99.9999999996562 99.9999999996208 99.9999999995796 99.9999999995321 99.9999999994798 99.9999999994184 99.9999999993472 99.999999999266 99.9999999991834 99.9999999990869 99.9999999989824
99.9999999998674 99.9999999998674 99.9999999998674 99.9999999998674 99.9999999998674 99.9999999998673 99.9999999998672 99.9999999998671 99.999999999867 99.9999999998669 99.9999999998667 99.9999999998665 99.9999999998662 99.9999999998658 99.9999999998654 99.9999999998649 99.9999999998642 99.9999999998634 99.9999999998624 99.9999999998613 99.9999999998599 99.9999999998581 99.999999999856 99.9999999998536 99.9999999998506 99.9999999998472 99.9999999998431 99.9999999998379 99.9999999998319 99.9999999998248 99.9999999998166 99.9999999998076 99.9999999997971 99.9999999997848 99.9999999997695 99.9999999997514 99.99999999973 99.9999999997065 99.9999999996802 99.9999999996498 99.9999999996152 99.9999999995747 99.9999999995238 99.9999999994706 99.9999999994134 99.9999999993481 99.9999999992816
99.9999999998675 99.9999999998675 99.9999999998674 99.9999999998674 99.9999999998674 99.9999999998674 99.9999999998673 99.9999999998673 99.9999999998672 99.9999999998671 99.999999999867 99.9999999998668 99.9999999998666 99.9999999998664 99.9999999998661 99.9999999998658 99.9999999998653 99.9999999998647 99.9999999998641 99.9999999998633 99.9999999998624 99.9999999998612 99.9999999998598 99.9999999998581 99.9999999998562 99.9999999998538 99.9999999998512 99.9999999998478 99.9999999998438 99.999999999839 99.9999999998335 99.9999999998275 99.9999999998206 99.9999999998121 99.999999999802 99.99999999979 99.9999999997765 99.9999999997617 99.999999999745 99.9999999997261 99.9999999997036 99.9999999996782 99.9999999996417 99.9999999996089 99.999999999569 99.9999999995254 99.9999999994825
99.9999999998675 99.9999999998675 99.9999999998675 99.9999999998674 99.9999999998674 99.9999999998674 99.9999999998674 99.9999999998674 99.9999999998673 99.9999999998672 99.9999999998672 99.9999999998671 99.9999999998669 99.9999999998668 99.9999999998666 99.9999999998663 99.999999999866 99.9999999998657 99.9999999998653 99.9999999998647 99.9999999998641 99.9999999998633 99.9999999998624 99.9999999998612 99.9999999998599 99.9999999998584 99.9999999998566 99.9999999998543 99.9999999998517 99.9999999998485 99.999999999845 99.9999999998407 99.9999999998361 99.9999999998306 99.9999999998239 99.9999999998161 99.9999999998073 99.9999999997974 99.9999999997866 99.9999999997741 99.9999999997597 99.9999999997431 99.9999999997223 99.9999999996999 99.9999999996739 99.9999999996456 99.999999999618
99.9999999998675 99.9999999998675 99.9999999998675 99.9999999998675 99.9999999998675 99.9999999998674 99.9999999998674 99.9999999998674 99.9999999998674 99.9999999998674 99.9999999998673 99.9999999998672 99.9999999998672 99.999999999867 99.9999999998669 99.9999999998667 99.9999999998665 99.9999999998663 99.999999999866 99.9999999998657 99.9999999998653 99.9999999998647 99.9999999998641 99.9999999998633 99.9999999998625 99.9999999998615 99.9999999998603 99.9999999998588 99.9999999998571 99.9999999998549 99.9999999998524 99.9999999998498 99.9999999998466 99.9999999998429 99.9999999998385 99.9999999998334 99.9999999998276 99.999999999821 99.999999999814 99.9999999998049 99.9999999997957 99.9999999997851 99.9999999997723 99.9999999997582 99.9999999997419 99.9999999997246 99.9999999997064
99.9999999998675 99.9999999998675 99.9999999998675 99.9999999998675 99.9999999998675 99.9999999998675 99.9999999998675 99.9999999998674 99.9999999998674 99.9999999998674 99.9999999998674 99.9999999998673 99.9999999998673 99.9999999998672 99.9999999998671 99.999999999867 99.9999999998669 99.9999999998667 99.9999999998665 99.9999999998663 99.999999999866 99.9999999998657 99.9999999998653 99.9999999998648 99.9999999998642 99.9999999998635 99.9999999998627 99.9999999998618 99.9999999998605 99.9999999998592 99.9999999998576 99.9999999998558 99.9999999998537 99.9999999998513 99.9999999998485 99.9999999998451 99.9999999998412 99.9999999998368 99.9999999998321 99.9999999998262 99.9999999998202 99.9999999998134 99.9999999998052 99.9999999997962 99.9999999997851 99.9999999997748 99.9999999997614
99.9999999998675 99.9999999998675 99.9999999998675 99.9999999998675 99.9999999998675 99.9999999998675 99.9999999998675 99.9999999998675 99.9999999998674 99.9999999998674 99.9999999998674 99.9999999998674 99.9999999998674 99.9999999998673 99.9999999998673 99.9999999998672 99.9999999998671 99.999999999867 99.9999999998669 99.9999999998667 99.9999999998666 99.9999999998663 99.999999999866 99.9999999998657 99.9999999998653 99.9999999998649 99.9999999998644 99.9999999998637 99.9999999998629 99.999999999862 99.999999999861 99.9999999998597 99.9999999998584 99.9999999998568 99.9999999998549 99.9999999998528 99.9999999998501 99.9999999998473 99.999999999844 99.9999999998402 99.9999999998364 99.9999999998321 99.9999999998265 99.9999999998205 99.9999999998138 99.9999999998066 99.9999999997982
99.9999999998675 99.9999999998675 99.9999999998675 99.9999999998675 99.9999999998675 99.9999999998675 99.9999999998675 99.9999999998675 99.9999999998675 99.9999999998675 99.9999999998675 99.9999999998674 99.9999999998674 99.9999999998674 99.9999999998674 99.9999999998673 99.9999999998673 99.9999999998672 99.9999999998671 99.999999999867 99.9999999998669 99.9999999998668 99.9999999998666 99.9999999998663 99.9999999998661 99.9999999998658 99.9999999998655 99.999999999865 99.9999999998645 99.9999999998639 99.9999999998632 99.9999999998624 99.9999999998615 99.9999999998606 99.9999999998593 99.9999999998578 99.9999999998561 99.9999999998542 99.999999999852 99.9999999998496 99.9999999998472 99.9999999998443 99.9999999998407 99.9999999998365 99.9999999998322 99.9999999998273 99.9999999998221
99.9999999998675 99.9999999998675 99.9999999998675 99.9999999998675 99.9999999998675 99.9999999998675 99.9999999998675 99.9999999998675 99.9999999998675 99.9999999998675 99.9999999998675 99.9999999998675 99.9999999998675 99.9999999998674 99.9999999998674 99.9999999998674 99.9999999998674 99.9999999998673 99.9999999998673 99.9999999998672 99.9999999998671 99.999999999867 99.9999999998669 99.9999999998668 99.9999999998666 99.9999999998664 99.9999999998662 99.9999999998659 99.9999999998656 99.9999999998652 99.9999999998647 99.9999999998642 99.9999999998636 99.9999999998629 99.9999999998621 99.9999999998611 99.9999999998601 99.9999999998588 99.9999999998574 99.9999999998559 99.9999999998542 99.9999999998523 99.9999999998499 99.9999999998473 99.9999999998444 99.9999999998413 99.9999999998379
99.9999999998675 99.9999999998675 99.9999999998675 99.9999999998675 99.9999999998675 99.9999999998675 99.9999999998675 99.9999999998675 99.9999999998675 99.9999999998675 99.9999999998675 99.9999999998675 99.9999999998675 99.9999999998675 99.9999999998674 99.9999999998674 99.9999999998674 99.9999999998674 99.9999999998674 99.9999999998673 99.9999999998673 99.9999999998672 99.9999999998671 99.9999999998671 99.9999999998669 99.9999999998668 99.9999999998667 99.9999999998665 99.9999999998662 99.999999999866 99.9999999998657 99.9999999998653 99.999999999865 99.9999999998645 99.999999999864 99.9999999998634 99.9999999998627 99.9999999998618 99.9999999998609 99.99999999986 99.9999999998588 99.9999999998576 99.999999999856 99.9999999998543 99.9999999998524 99.9999999998504 99.9999999998482
99.9999999998675 99.9999999998675 99.9999999998675 99.9999999998675 99.9999999998675 99.9999999998675 99.9999999998675 99.9999999998675 99.9999999998675 99.9999999998675 99.9999999998675 99.9999999998675 99.9999999998675 99.9999999998675 99.9999999998675 99.9999999998675 99.9999999998674 99.9999999998674 99.9999999998674 99.9999999998674 99.9999999998674 99.9999999998673 99.9999999998673 99.9999999998672 99.9999999998672 99.9999999998671 99.999999999867 99.9999999998668 99.9999999998667 99.9999999998666 99.9999999998664 99.9999999998661 99.9999999998659 99.9999999998656 99.9999999998652 99.9999999998649 99.9999999998644 99.9999999998638 99.9999999998633 99.9999999998626 99.9999999998618 99.9999999998611 99.9999999998601 99.999999999859 99.9999999998577 99.9999999998564 99.999999999855
99.9999999998675 99.9999999998675 99.9999999998675 99.9999999998675 99.9999999998675 99.9999999998675 99.9999999998675 99.9999999998675 99.9999999998675 99.9999999998675 99.9999999998675 99.9999999998675 99.9999999998675 99.9999999998675 99.9999999998675 99.9999999998675 99.9999999998675 99.9999999998675 99.9999999998674 99.9999999998674 99.9999999998674 99.9999999998674 99.9999999998674 99.9999999998673 99.9999999998673 99.9999999998672 99.9999999998672 99.9999999998671 99.999999999867 99.9999999998669 99.9999999998668 99.9999999998666 99.9999999998664 99.9999999998663 99.999999999866 99.9999999998658 99.9999999998655 99.9999999998651 99.9999999998648 99.9999999998643 99.9999999998639 99.9999999998633 99.9999999998627 99.999999999862 99.9999999998612 99.9999999998603 99.9999999998594
99.9999999998675 99.9999999998675 99.9999999998675 99.9999999998675 99.9999999998675 99.9999999998675 99.9999999998675 99.9999999998675 99.9999999998675 99.9999999998675 99.9999999998675 99.9999999998675 99.9999999998675 99.9999999998675 99.9999999998675 99.9999999998675 99.9999999998675 99.9999999998675 99.9999999998675 99.9999999998675 99.9999999998674 99.9999999998674 99.9999999998674 99.9999999998674 99.9999999998674 99.9999999998673 99.9999999998673 99.9999999998673 99.9999999998672 99.9999999998671 99.9999999998671 99.9999999998669 99.9999999998668 99.9999999998667 99.9999999998666 99.9999999998664 99.9999999998662 99.999999999866 99.9999999998658 99.9999999998655 99.9999999998652 99.9999999998649 99.9999999998644 99.999999999864 99.9999999998634 99.9999999998629 99.9999999998623
99.9999999998675 99.9999999998675 99.9999999998675 99.9999999998675 99.9999999998675 99.9999999998675 99.9999999998675 99.9999999998675 99.9999999998675 99.9999999998675 99.9999999998675 99.9999999998675 99.9999999998675 99.9999999998675 99.9999999998675 99.9999999998675 99.9999999998675 99.9999999998675 99.9999999998675 99.9999999998675 99.9999999998675 99.9999999998675 99.9999999998674 99.9999999998674 99.9999999998674 99.9999999998674 99.9999999998674 99.9999999998674 99.9999999998673 99.9999999998673 99.9999999998672 99.9999999998672 99.9999999998671 99.999999999867 99.9999999998669 99.9999999998668 99.9999999998667 99.9999999998666 99.9999999998664 99.9999999998662 99.999999999866 99.9999999998658 99.9999999998656 99.9999999998653 99.9999999998649 99.9999999998646 99.9999999998642
99.9999999998675 99.9999999998675 99.9999999998675 99.9999999998675 99.9999999998675 99.9999999998675 99.9999999998675 99.9999999998675 99.9999999998675 99.9999999998675 99.9999999998675 99.9999999998675 99.9999999998675 99.9999999998675 99.9999999998675 99.9999999998675 99.9999999998675 99.9999999998675 99.9999999998675 99.9999999998675 99.9999999998675 99.9999999998675 99.9999999998675 99.9999999998675 99.9999999998675 99.9999999998674 99.9999999998674 99.9999999998674 99.9999999998674 99.9999999998674 99.9999999998673 99.9999999998673 99.9999999998673 99.9999999998672 99.9999999998671 99.9999999998671 99.999999999867 99.9999999998669 99.9999999998668 99.9999999998667 99.9999999998666 99.9999999998664 99.9999999998663 99.9999999998661 99.9999999998658 99.9999999998656 99.9999999998654
99.9999999998675 99.9999999998675 99.9999999998675 99.9999999998675 99.9999999998675 99.9999999998675 99.9999999998675 99.9999999998675 99.9999999998675 99.9999999998675 99.9999999998675 99.9999999998675 99.9999999998675 99.9999999998675 99.9999999998675 99.9999999998675 99.9999999998675 99.9999999998675 99.9999999998675 99.9999999998675 99.9999999998675 99.9999999998675 99.9999999998675 99.9999999998675 99.9999999998675 99.9999999998675 99.9999999998675 99.9999999998675 99.9999999998674 99.9999999998674 99.9999999998674 99.9999999998674 99.9999999998674 99.9999999998673 99.9999999998673 99.9999999998673 99.9999999998672 99.9999999998672 99.9999999998671 99.999999999867 99.9999999998669 99.9999999998669 99.9999999998667 99.9999999998666 99.9999999998665 99.9999999998663 99.9999999998662
99.9999999998675 99.9999999998675 99.9999999998675 99.9999999998675 99.9999999998675 99.9999999998675 99.9999999998675 99.9999999998675 99.9999999998675 99.9999999998675 99.9999999998675 99.9999999998675 99.9999999998675 99.9999999998675 99.9999999998675 99.9999999998675 99.9999999998675 99.9999999998675 99.9999999998675 99.9999999998675 99.9999999998675 99.9999999998675 99.9999999998675 99.9999999998675 99.9999999998675 99.9999999998675 99.9999999998675 99.9999999998675 99.9999999998675 99.9999999998675 99.9999999998674 99.9999999998674 99.9999999998674 99.9999999998674 99.9999999998674 99.9999999998674 99.9999999998673 99.9999999998673 99.9999999998672 99.9999999998672 99.9999999998672 99.9999999998671 99.999999999867 99.999999999867 99.9999999998669 99.9999999998668 -9999
99.9999999998675 99.9999999998675 99.9999999998675 99.9999999998675 99.9999999998675 99.9999999998675 99.9999999998675 99.9999999998675 99.9999999998675 99.9999999998675 99.9999999998675 99.9999999998675 99.9999999998675 99.9999999998675 99.9999999998675 99.9999999998675 99.9999999998675 99.9999999998675 99.9999999998675 99.9999999998675 99.9999999998675 99.9999999998675 99.9999999998675 99.9999999998675 99.9999999998675 99.9999999998675 99.9999999998675 99.9999999998675 99.9999999998675 99.9999999998675 99.9999999998675 99.9999999998675 99.9999999998675 99.9999999998674 99.9999999998674 99.9999999998674 99.9999999998674 99.9999999998674 99.9999999998674 -9999 -9999 -9999 -9999 -9999 -9999 -9999 -9999
99.9999999998675 99.9999999998675 99.9999999998675 99.9999999998675 99.9999999998675 99.9999999998675 99.9999999998675 99.9999999998675 99.9999999998675 99.9999999998675 99.9999999998675 99.9999999998675 99.9999999998675 99.9999999998675 99.9999999998675 99.9999999998675 99.9999999998675 99.9999999998675 99.9999999998675 99.9999999998675 99.9999999998675 99.9999999998675 99.9999999998675 99.9999999998675 99.9999999998675 99.9999999998675 99.9999999998675 99.9999999998675 99.9999999998675 99.9999999998675 99.9999999998675 99.9999999998675 -9999 -9999 -9999 -9999 -9999 -9999 -9999 -9999 -9999 -9999 -9999 -9999 -9999 -9999 -9999
99.9999999998675 99.9999999998675 99.9999999998675 99.9999999998675 99.9999999998675 99.9999999998675 99.9999999998675 99.9999999998675 99.9999999998675 99.9999999998675 99.9999999998675 99.9999999998675 99.9999999998675 99.9999999998675 99.9999999998675 99.9999999998675 99.9999999998675 99.9999999998675 99.9999999998675 99.9999999998675 99.9999999998675 99.9999999998675 99.9999999998675 99.9999999998675 99.9999999998675 -9999 -9999 -9999 -9999 -9999 -9999 -9999 -9999 -9999 -9999 -9999 -9999 -9999 -9999 -9999 -9999 -9999 -9999 -9999 -9999 -9999 -9999
99.9999999998675 99.9999999998675 99.9999999998675 99.9999999998675 99.9999999998675 99.9999999998675 99.9999999998675 99.9999999998675 99.9999999998675 99.9999999998675 99.9999999998675 99.9999999998675 99.9999999998675 99.9999999998675 99.9999999998675 99.9999999998675 99.9999999998675 99.9999999998675 -9999 -9999 -9999 -9999 -9999 -9999 -9999 -9999 -9999 -9999 -9999 -9999 -9999 -9999 -9999 -9999 -9999 -9999 -9999 -9999 -9999 -9999 -9999 -9999 -9999 -9999 -9999 -9999 -9999
