GIS/Tiger_FixedKUD.asc
NCOLS 300 
NROWS 147 
XLLCORNER 151.698123695652 
YLLCORNER -23.6121463043478 
CELLSIZE 0.00201260869565232 
NODATA_value -9999 
[rows 80 to 99 of 147, columns 92 to 137 of 300]
99.9865003176537 99.9855733392879 99.9839241978943 99.9808607773496 99.9750372889449 99.9652249633789 99.9478943996424 99.9186006140529 99.8742828621333 99.8052166439391 99.6979824818768 99.5497674300155 99.3403046475693 99.048440461888 98.5837810352898 98.0747354437738 97.6121129524367 97.0230886010027 96.4143189225637 95.8615588535843 95.2945752985134 94.7365084224884 94.2234856645772 93.673929305979 93.1250475459367 92.552393177779 91.8135596174227 91.27841584113 90.9415705413278 90.6361007390438 90.4596391068709 90.3827727551427 90.3311725527223 90.3182528936044 90.3053284838295 90.1743365588345 89.9602864266196 89.6117700772833 89.1582159250557 88.5066716178568 88.1796186189823 87.7492665797104 87.424087908656 86.82953917733 86.5626676481415 86.3883247945691
99.9868073491355 99.9863629125803 99.9856268064623 99.9841578692885 99.9814055329536 99.9766875143897 99.9686620768206 99.9540013418677 99.9295942153588 99.8963989735661 99.8427389147245 99.7706917349988 99.6617684691679 99.5163649195645 99.3220631342748 99.0701741116248 98.6667107250195 98.1779504982577 97.7947055266935 97.2836246041682 96.7082725009432 96.1520097225221 95.6438543925076 95.0893537126501 94.5753776710949 94.1180548842747 93.6264362690186 93.2035554207012 92.8366014242105 92.5426747313743 92.3062428015458 92.1649535984689 92.1241683540722 92.1343757383532 92.103731495297 91.9700334657328 91.7711795000083 91.4570962398993 91.1184662177383 90.7102843680172 90.2793063113684 89.8918796713751 89.5402851420587 89.2479639649784 89.021874465932 88.8526795743856
99.9869362230959 99.9867510038533 99.9864214077164 99.9857734911701 99.9845443077717 99.9822760411148 99.9784076178069 99.9717743718064 99.9597743286176 99.9442379812649 99.9175741779195 99.8803123583757 99.8273963503375 99.755225650334 99.6546587656182 99.5225460052928 99.3492552722153 99.1217212577481 98.7752111913584 98.2949073014563 97.9157803381804 97.4701243082322 96.9213823822196 96.3574028602907 95.8704901718354 95.3826186858839 94.936656858368 94.5944415067304 94.2579770576765 94.0387016744716 93.8981097778197 93.8217597253146 93.7598844114305 93.7521160315875 93.7443451800411 93.6817836293772 93.5625713123247 93.399639001287 93.1338356024264 92.7994539918291 92.3956817083606 91.8766045053491 91.5121309967208 91.1873132581725 91.0483664783994 90.9295711873942
99.98698243867 99.986916406988 99.9867886143698 99.986508878725 99.9860037289978 99.9850125611976 99.9832739884241 99.9801050595754 99.9750104012173 99.967630610886 99.9545953211308 99.935712276673 99.9113504975826 99.8744833292668 99.82383156083 99.7574893565324 99.6637782447716 99.5399614915844 99.3876193417764 99.1762938908119 98.854130512104 98.4353605961656 98.0084628913606 97.6248661173647 97.1395755781369 96.6387415382548 96.224726650674 95.8660283082213 95.5469838245831 95.305029569978 95.1446128277103 95.0501988459591 95.0107698544654 94.9766626816841 94.9595682080118 94.9251339515388 94.8259643534355 94.6755614518831 94.5240778522645 94.2717099998894 94.0168475361961 93.775390299601 93.4573063630135 93.3154719837456 93.1162542474674 92.9918537978399
99.9870052146316 99.9869953195069 99.9869761883719 99.9869304033755 99.9868065283223 99.986535422128 99.9860436506751 99.9849219545783 99.9829883947392 99.9797694704887 99.9746296575419 99.9674168562889 99.9545300439212 99.9361007582151 99.9123309783356 99.8762630335835 99.8279380886935 99.7630689857211 99.6731779259826 99.5581514253845 99.4052882669809 99.2139513751779 98.9230451070381 98.5354543464185 98.1509251514547 97.8321310839976 97.4862277676141 97.1184571646454 96.8132748797213 96.5320393973002 96.3878343396574 96.2761622693607 96.2406721409895 96.2127214978492 96.1886070521733 96.164270326975 96.0899580611864 95.9234748733866 95.7800813617724 95.5372041493448 95.3102531324552 95.1004682422191 94.8553572862322 94.6816924406644 94.6007823216142 94.5046656612995
99.987005498677 99.9870022143802 99.9869956439174 99.9869790695765 99.9869376840669 99.9868347740802 99.9866458933451 99.9861796220979 99.9853796374208 99.9839803761051 99.9816450890336 99.9781230463785 99.972530191753 99.9638470662577 99.9519991325447 99.9323184933473 99.9084878225606 99.8740818866411 99.8252105743744 99.7619666202583 99.67464083365 99.5708940146906 99.421675505458 99.2635352307503 99.0337645959744 98.7402475695376 98.4164986886219 98.1470050479196 97.9333805998936 97.785238889964 97.6375073039491 97.549953907602 97.4915814454821 97.459321301668 97.4294254192651 97.3853990213741 97.3036971125868 97.160563824439 96.9948068729012 96.762828725042 96.5284360277294 96.3420651888506 96.1805353378402 96.0267974835354 95.9147522140747 95.8570892702663
99.9870055377818 99.9870045296878 99.9870025911466 99.9869971140767 99.9869843124765 99.9869546741603 99.9868856718522 99.9867003483416 99.9863815815607 99.9858131515428 99.9848750044206 99.9832452433203 99.9808006018814 99.9768764847739 99.9712200211845 99.9614290111715 99.9494977301315 99.9298080436729 99.9057001803194 99.8720508517156 99.8246608494136 99.7663582052835 99.6836934380531 99.6009556850655 99.4782691464472 99.3429974764755 99.2107768807147 99.0423439793666 98.8610038081835 98.7000987526355 98.5677518277264 98.4710441223842 98.4130548122585 98.3766638276338 98.3396223406038 98.2786483916932 98.2157855132484 98.1410996295658 98.0168442332356 97.8935296128506 97.7756924289653 97.6172258275043 97.4674297667139 97.3434777619721 97.2373805624389 97.1903491009941
99.9870055379454 99.9870055379454 99.9870055379454 99.9870055379454 99.9870055379454 99.9870055379454 99.9870055379454 99.9869980380533 99.9869830744583 99.9869405495544 99.9868245623155 99.9865773327485 99.9860965505616 99.9849958387013 99.9831285125032 99.9798372823757 99.9746020722927 99.9672437654677 99.954333160066 99.9361977984937 99.9134398474173 99.8801222728997 99.838725462806 99.7889782785538 99.7216528863014 99.6520804163317 99.5759108611203 99.4922097042804 99.4110728487117 99.3348798833783 99.2803945533789 99.2452483611775 99.2118371609849 99.1860778062151 99.153261872754 99.128554424529 99.0868506780942 99.0065555179659 98.9164229369545 98.7967285568119 98.6713015521588 98.5273141709628 98.4078847546331 98.2931077126424 98.2382039890462 98.2007523632054
99.9870055379454 99.9870055379454 99.9870055379454 99.9870055379454 99.9870055379454 99.9870055379454 99.9870055379454 99.9870022847446 99.9869955634718 99.9869771064212 99.9869350873765 99.9868177192694 99.9865878247003 99.9860936577451 99.985163263221 99.9835941459915 99.9811253239788 99.9769921910491 99.9713254078436 99.9617403307874 99.9506171932616 99.9319069624061 99.9121914389726 99.8836733405208 99.8511387765667 99.8138581947143 99.7745996788761 99.7270764390965 99.6813348891506 99.6463367851103 99.6212292142378 99.5991641532562 99.5802603352928 99.5664592397016 99.5471678646068 99.5299951393187 99.5114903315996 99.4760480672071 99.4352462109336 99.3884712693958 99.3275821129181 99.2784395947843 99.239059026312 99.1893279328876 99.1465888799584 99.1330957929397
99.9870055379454 99.9870055379454 99.9870055379454 99.9870055379454 99.9870055379454 99.9870055379454 99.9870055379454 99.987004278396 99.9870014999743 99.9869938677424 99.9869758168703 99.9869358500309 99.9868304530852 99.9866112399714 99.9862082248912 99.9854748663557 99.9843208063934 99.9823925918047 99.9795084864179 99.9753837820413 99.969684690094 99.9604778769364 99.9511323173915 99.9360037032166 99.9199938691983 99.9018779168077 99.8789758451545 99.8552842335105 99.8358906013937 99.815898887663 99.7990104704608 99.7866445034313 99.7767043898245 99.7685312580826 99.7608561910425 99.7483441533454 99.7352880688755 99.7152437496497 99.6893055789898 99.664780817586 99.6388965532256 99.6138117821858 99.5913219637305 99.5677294827937 99.5465163037252 99.5386433804261
99.9870055379454 99.9870055379454 99.9870055379454 99.9870055379454 99.9870055379454 99.9870055379454 99.9870055379454 99.9870050667518 99.9870040642774 99.9870010590771 99.9869941323615 99.9869783675741 99.9869447203792 99.9868494184001 99.9866802417917 99.9863587431343 99.9858625251146 99.9850348217116 99.9836989349703 99.9817230512265 99.9790315299526 99.9752243735997 99.9703194148666 99.963455881598 99.9552428132481 99.9462315560526 99.9339410251207 99.9235220121475 99.9138523018828 99.9034317624829 99.8947379231069 99.886761663407 99.8812567951551 99.8764589554989 99.8728663282961 99.8657861100355 99.8559613661029 99.8463899259696 99.836150527811 99.8213226151316 99.8067390624467 99.7945436753772 99.7829247133247 99.7731831926727 99.7667216942573 99.7638020610182
99.9870055379454 99.9870055379454 99.9870055379454 99.9870055379454 99.9870055379454 99.9870055379454 99.9870055379454 99.9870053900254 99.9870050426461 99.9870040459312 99.9870016952809 99.9869960434889 99.9869841599911 99.9869534582186 99.9868878992805 99.986767465615 99.9865418200955 99.9862056654131 99.9856589585037 99.984809142267 99.9835498852757 99.9818513755727 99.9795439049089 99.9766636358609 99.9728458735679 99.9689028213561 99.9632091076497 99.9574423898434 99.953048975891 99.9478166197173 99.9441525624516 99.9402578990427 99.936488747868 99.9334396861331 99.9303406621341 99.9268694228612 99.9234034172128 99.9180890246724 99.9128869841235 99.905102697235 99.8986889515092 99.8911627348117 99.8851363460392 99.8805017364654 99.8780133589298 99.8774325475351
99.9870055379454 99.9870055379454 99.9870055379454 99.9870055379454 99.9870055379454 99.9870055379454 99.9870055379454 99.9870055379454 99.9870055379454 99.9870055363624 99.9870055252371 99.9870054593325 99.9870053026095 99.9870035094105 99.9870000550962 99.986991665303 99.9869722653589 99.9869300039534 99.9868282585471 99.9866577256759 99.9863310442397 99.9858520601684 99.985084119336 99.9839563914553 99.9824613255494 99.9805709343669 99.9783271919395 99.975975419285 99.9732455896691 99.9712552759655 99.969141165676 99.9672871166862 99.9650853753618 99.9633079953454 99.9612203367713 99.9590555603686 99.9569663712968 99.9548557076513 99.9522828348088 99.9482813335014 99.9453287386516 99.9422405966703 99.9391488194374 99.9369719862833 99.9351258598149 99.935027709221
99.9870055379454 99.9870055379454 99.9870055379454 99.9870055379454 99.9870055379454 99.9870055379454 99.9870055379454 99.9870055379454 99.9870055379454 99.9870055379454 99.9870055379454 99.9870055350884 99.9870055215405 99.9870050984572 99.9870042085155 99.9870018497264 99.9869961223549 99.9869835426428 99.9869579281474 99.9868964860798 99.9867823539116 99.9865937668038 99.9862815525316 99.9858555572194 99.9852342631835 99.984476468189 99.9834601387143 99.9824499273158 99.981350595721 99.9803177287458 99.9793287700902 99.9783875759243 99.9775072267162 99.9769231990961 99.9762508085343 99.975197696008 99.973983607914 99.9727516531994 99.9716375104313 99.9699863665558 99.9685005633548 99.9674600233551 99.9658693241833 99.9648519879612 99.9645685245214 99.9646159393424
99.9870055379454 99.9870055379454 99.9870055379454 99.9870055379454 99.9870055379454 99.9870055379454 99.9870055379454 99.9870055379454 99.9870055379454 99.9870055379454 99.9870055379454 99.9870055379454 99.9870055379454 99.9870054240815 99.9870051776213 99.9870045865351 99.9870029369581 99.9869992983961 99.9869908002027 99.9869728830464 99.9869394819281 99.9868798707196 99.9867721974526 99.9866141020746 99.9863774421168 99.9861022961053 99.9857136883006 99.9853179810354 99.9849044476378 99.9844626719918 99.9840041215271 99.9836292859069 99.9832644100057 99.9828960649986 99.9825629513139 99.9820255817198 99.9815400346423 99.9811108571244 99.9804297661541 99.9796488020759 99.9790691025902 99.9785275098813 99.9781022434137 99.9777873498357 99.9777660526404 99.9780397414358
99.9870055379454 99.9870055379454 99.9870055379454 99.9870055379454 99.9870055379454 99.9870055379454 99.9870055379454 99.9870055379454 99.9870055379454 99.9870055379454 99.9870055379454 99.9870055379454 99.9870055379454 99.9870055379454 99.9870055379454 99.9870055379454 99.9870055379454 99.9870055379454 99.9870055379454 99.9870055354191 99.9870055230741 99.9870054881481 99.9870053305232 99.9870049277079 99.9870039114689 99.9870018875694 99.9869979012421 99.9869893816397 99.9869720554132 99.9869419634462 99.9868873483996 99.9867981679124 99.9866666459935 99.9864810251364 99.9862431673529 99.9859497662818 99.9855982738112 99.9851989598411 99.9848151839543 99.9844557449149 99.9840588512529 99.983792270227 99.9836029425206 99.9835052089607 99.9835409828015 99.983707528323
99.9870055379454 99.9870055379454 99.9870055379454 99.9870055379454 99.9870055379454 99.9870055379454 99.9870055379454 99.9870055379454 99.9870055379454 99.9870055379454 99.9870055379454 99.9870055379454 99.9870055379454 99.9870055379454 99.9870055379454 99.9870055379454 99.9870055379454 99.9870055379454 99.9870055379454 99.9870055379454 99.9870055379454 99.9870055379454 99.9870055327414 99.9870055143642 99.9870054522495 99.9870052975922 99.9870048698912 99.9870039309477 99.9870021790269 99.9869989390103 99.9869920803203 99.9869821146829 99.9869656550611 99.9869416118913 99.9869061301164 99.9868632122081 99.9868130019542 99.986770309411 99.9867282304357 99.9866933738725 99.9866850836529 99.986688675309 99.9867162209516 99.986749017773 99.9867956033681 99.9868432463699
99.9870055379454 99.9870055379454 99.9870055379454 99.9870055379454 99.9870055379454 99.9870055379454 99.9870055379454 99.9870055379454 99.9870055379454 99.9870055379454 99.9870055379454 99.9870055379454 99.9870055379454 99.9870055379454 99.9870055379454 99.9870055379454 99.9870055379454 99.9870055379454 99.9870055379454 99.9870055379454 99.9870055379454 99.9870055379454 99.9870055379454 99.9870055379454 99.9870055379454 99.9870055379454 99.9870055379454 99.9870055379454 99.9870055379454 99.9870055379454 99.9870055379454 99.9870055379454 99.9870055379454 99.9870055379454 99.9870055379454 99.9870055379454 99.9870055379454 99.9870055379454 99.9870055379454 99.9870055379454 99.9870055379454 99.9870055379454 99.9870055379454 99.9870055379454 99.9870055379454 99.9870055379454
99.9870055379454 99.9870055379454 99.9870055379454 99.9870055379454 99.9870055379454 99.9870055379454 99.9870055379454 99.9870055379454 99.9870055379454 99.9870055379454 99.9870055379454 99.9870055379454 99.9870055379454 99.9870055379454 99.9870055379454 99.9870055379454 99.9870055379454 99.9870055379454 99.9870055379454 99.9870055379454 99.9870055379454 99.9870055379454 99.9870055379454 99.9870055379454 99.9870055379454 99.9870055379454 99.9870055379454 99.9870055379454 99.9870055379454 99.9870055379454 99.9870055379454 99.9870055379454 99.9870055379454 99.9870055379454 99.9870055379454 99.9870055379454 99.9870055379454 99.9870055379454 99.9870055379454 99.9870055379454 99.9870055379454 99.9870055379454 99.9870055379454 99.9870055379454 99.9870055379454 99.9870055379454
99.9870055379454 99.9870055379454 99.9870055379454 99.9870055379454 99.9870055379454 99.9870055379454 99.9870055379454 99.9870055379454 99.9870055379454 99.9870055379454 99.9870055379454 99.9870055379454 99.9870055379454 99.9870055379454 99.9870055379454 99.9870055379454 99.9870055379454 99.9870055379454 99.9870055379454 99.9870055379454 99.9870055379454 99.9870055379454 99.9870055379454 99.9870055379454 99.9870055379454 99.9870055379454 99.9870055379454 99.9870055379454 99.9870055379454 99.9870055379454 99.9870055379454 99.9870055379454 99.9870055379454 99.9870055379454 99.9870055379454 99.9870055379454 99.9870055379454 99.9870055379454 99.9870055379454 99.9870055379454 99.9870055379454 99.9870055379454 99.9870055379454 99.9870055379454 99.9870055379454 99.9870055379454
