GIS/Tiger_BrownianBridgeUD.asc
NCOLS 372 
NROWS 240 
XLLCORNER 151.739619229744 
YLLCORNER -23.641576074807 
CELLSIZE 0.00140000000000002 
NODATA_value -9999 
[rows 42 to 62 of 240, columns 141 to 187 of 372]
99.9986398529676 99.9986816946986 99.9987234848788 99.9987743544249 99.9988326095443 99.998887537238 99.9989452835258 99.9990113456387 99.9990614197281 99.9991085515569 99.9991680689939 99.9992173434685 99.9992716490974 99.9993241356981 99.9993722629371 99.9994227546214 99.9994659670358 99.9995119109756 99.9995508750615 99.9995904613726 99.999627752291 99.9996632935035 99.999695073884 99.9997233852642 99.9997495445946 99.99977500745 99.9997972686251 99.9998180369889 99.9998365270949 99.9998532456851 99.9998665666044 99.9998783931875 99.9998894302976 99.9998985138186 99.9999070633043 99.9999135336455 99.9999187734641 99.9999222034901 99.9999246435897 99.9999263110506 99.9999271786652 99.9999273857462 99.9999267260058 99.9999253611568 99.9999223777249 99.9999191878433 99.9999156253545
99.9982271759736 99.9982858400008 99.9983423056104 99.9984125731337 99.998489375229 99.9985587360161 99.9986289541575 99.9987224904706 99.9987780353074 99.9988478376435 99.998920720339 99.998987679536 99.9990573542574 99.9991259395555 99.9991890790461 99.999257024893 99.9993058306225 99.9993675967401 99.9994174640073 99.9994669255382 99.9995155005428 99.9995602844421 99.9996009403219 99.9996391858271 99.9996728602388 99.9997050906129 99.999733702356 99.9997611528695 99.999785519768 99.9998067196043 99.9998241461524 99.9998399854776 99.999854210002 99.999865626276 99.9998762717713 99.9998843057509 99.9998911881859 99.9998952636777 99.9998981955385 99.9998999944301 99.9999005111966 99.999900502878 99.9998994857443 99.9998972258683 99.9998932599136 99.9998884771615 99.9998832265427
99.9977104025148 99.9977837215381 99.9978601814049 99.997951293905 99.9980491400429 99.9981385558736 99.9982370898488 99.9983433781815 99.9984252827972 99.998517683132 99.998606960569 99.9986941892954 99.9987876041808 99.9988713941519 99.9989544988721 99.9990385545348 99.9991066838176 99.9991818376487 99.9992481416133 99.9993114515134 99.9993736491301 99.9994306148714 99.999483208108 99.9995321517054 99.999574236113 99.9996149163281 99.9996519369692 99.999686112277 99.9997175225779 99.9997457665406 99.9997686064308 99.9997897408669 99.9998065491088 99.9998217817242 99.9998349261203 99.9998452166394 99.9998540491243 99.999859429568 99.9998624150701 99.9998639994377 99.9998642701506 99.999863402684 99.9998608614782 99.9998578309819 99.9998526044703 99.9998458205835 99.9998382058827
99.9970322490016 99.9971464706677 99.997257763386 99.9973608400995 99.9974866782753 99.9975964711308 99.9977292073373 99.997855155876 99.9979733077951 99.9980885934682 99.9982042546376 99.9983182648453 99.9984412975323 99.9985470471903 99.9986618833569 99.9987566706178 99.9988495712395 99.998942763137 99.9990299335355 99.9991144481703 99.9991892772504 99.9992640107046 99.9993288391791 99.9993926305206 99.9994472203925 99.9994991019074 99.999546868554 99.9995894305234 99.9996279389513 99.9996642960077 99.9996939462804 99.9997208001049 99.9997418860116 99.9997618989569 99.9997785904072 99.9997921245595 99.999803209466 99.9998097731115 99.999813400561 99.9998143786501 99.9998143869678 99.9998124541825 99.9998089157729 99.9998045201866 99.9997969353947 99.9997865262774 99.9997751096573
99.9961873088544 99.9963346183741 99.996484631638 99.9966033374455 99.9967581852186 99.9969209909933 99.9970829010929 99.9972488711868 99.9974119950998 99.9975519206147 99.997698438835 99.997842277848 99.9979945712551 99.9981319085559 99.9982747150288 99.998401691407 99.9985254338893 99.9986449345376 99.998750505147 99.9988649488373 99.9989537123073 99.999052643252 99.9991338255867 99.9992158175849 99.9992864167883 99.9993502414959 99.9994105599376 99.9994650327511 99.9995150508612 99.9995612445321 99.9995979375328 99.9996301607778 99.9996575961477 99.9996820870244 99.9997025763022 99.9997194038012 99.999733556282 99.9997414018036 99.9997461570935 99.9997458755263 99.9997443689775 99.9997406224144 99.9997352576738 99.9997281569995 99.9997173627683 99.9997029435575 99.9996872001623
99.9951142437604 99.9953245966564 99.995491243486 99.9956495815305 99.995850211031 99.9960613835123 99.9962619377205 99.9964769288283 99.9966994766104 99.9968717802599 99.9970633474178 99.9972442459657 99.9974296829532 99.9976094153666 99.9977881733177 99.9979588989437 99.9981135903284 99.998262842145 99.9983988892289 99.9985416096537 99.9986547205045 99.9987775148115 99.9988868128212 99.9989846242717 99.9990740710593 99.9991582499991 99.9992327632349 99.9993023817827 99.9993621495426 99.9994222307606 99.9994685078597 99.999509253285 99.9995453073219 99.9995753703617 99.999601253805 99.9996207773762 99.9996397558999 99.999649069032 99.9996534347363 99.9996527479424 99.9996487076943 99.999642682735 99.9996348258875 99.9996243020165 99.99961041631 99.9995906499968 99.9995693386711
99.9937415745413 99.9940299587591 99.9942240571553 99.9944417565825 99.9947097212779 99.9949708993148 99.9952210553623 99.9955063777139 99.9957780114657 99.9960107929157 99.9962570917423 99.9964870650508 99.9967241834922 99.9969556942863 99.9971800137792 99.9974002828825 99.9975948606601 99.9977770143615 99.9979588628369 99.9981188603562 99.9982789736564 99.99843157629 99.9985742124774 99.9986946290183 99.9988006003893 99.9989142399339 99.9990020294709 99.9990933224737 99.9991650572685 99.9992401252411 99.9992990380308 99.9993494347247 99.9993956683685 99.9994315373711 99.9994657381147 99.9994926697955 99.9995099856845 99.9995239076344 99.9995270466998 99.999525974816 99.9995203941179 99.9995111842784 99.9995009687907 99.9994867080235 99.999467935199 99.9994398141769 99.9994106591528
99.9920303349438 99.9923639940441 99.9926313150321 99.9929295703429 99.9932666507276 99.9935946677042 99.9939015926099 99.994280420112 99.9946125827549 99.9949144600902 99.9952242665027 99.9955224045117 99.9958249009412 99.9961247233656 99.9964121489848 99.9967045506859 99.9969299834505 99.9971708347858 99.9973841871483 99.9975872151519 99.9977944701289 99.9979836240664 99.9981541091077 99.9983134191494 99.9984526815032 99.9985965850143 99.9987000241305 99.9988145721588 99.9989096031961 99.9990007347067 99.999077621691 99.9991367000856 99.9991971795414 99.9992403273112 99.999281998159 99.9993172329388 99.9993374402111 99.9993533703156 99.9993560063183 99.9993539065769 99.99934557584 99.999331946883 99.9993170262152 99.9992972486584 99.9992727092036 99.9992351943512 99.9991953419466
99.9898854877469 99.9902990241241 99.9906291246192 99.9910130280306 99.991442045961 99.9918501408075 99.9922761692096 99.9927293099057 99.9931275549985 99.9935579561346 99.9939405277374 99.9943091023161 99.9946972034391 99.9950640633411 99.9954246983133 99.9957878262833 99.9960813364083 99.9963845919674 99.9966523082213 99.9969146957696 99.99717020053 99.9974042948854 99.9976205765853 99.997824819786 99.9980051873537 99.9981673066646 99.9983085352207 99.9984474880309 99.9985686795508 99.9986813196306 99.9987841366089 99.9988530153005 99.9989340285791 99.9989805222993 99.9990291522744 99.9990725893216 99.9991019406792 99.9991183040933 99.999119020317 99.9991167100815 99.9991051983109 99.9990884822873 99.9990654431819 99.9990409406383 99.9990094104659 99.9989597948529 99.99890422206
99.9871679068128 99.9876769895011 99.988116378453 99.9886022326986 99.9891488606056 99.9896588268845 99.9902549312229 99.9907771643882 99.9912975717718 99.9918269399854 99.9923087844519 99.9927818902365 99.9932891334899 99.9937268638008 99.9942075836292 99.9946282784075 99.9950275720836 99.9953849127927 99.9957293946955 99.996063715501 99.9963686878575 99.9966633479543 99.9969380123704 99.9971935353372 99.9974067198028 99.9976062516727 99.9977940089392 99.9979638375603 99.9981166727264 99.9982582424689 99.9983862039059 99.9984687653508 99.9985682216849 99.9986299301662 99.9986864078012 99.9987413907689 99.9987819836174 99.9988024619139 99.9988028740193 99.9987898911904 99.9987742285002 99.9987502015892 99.9987164971176 99.9986796133711 99.9986384560939 99.9985780804256 99.9985051083279
99.9837702449977 99.9844179493707 99.9849456070262 99.9856297091017 99.9862923586004 99.9869389204015 99.9876594552317 99.9883309031981 99.9890083138288 99.9896786826805 99.9902729000288 99.9908747752095 99.9914996335324 99.9920462305828 99.9926427097474 99.9931541865615 99.9936743128967 99.9941308585183 99.9945500503195 99.9949796149939 99.9953421387534 99.9957417896075 99.9960603907099 99.996366894098 99.9966305131626 99.9968800425522 99.9971091571162 99.99731534543 99.9975091359366 99.9976876032969 99.9978421847218 99.9979567623611 99.998064821902 99.9981510671671 99.9982197445776 99.9982829957945 99.9983359982831 99.998370411132 99.9983722981086 99.998346679178 99.9983232303127 99.9982899715087 99.9982475744711 99.9982006943848 99.9981465653899 99.9980682920226 99.9979733435881
99.9795077202576 99.9802835084218 99.9809960536801 99.9819015561993 99.9827192933595 99.9835301489597 99.9844162300368 99.9852722768377 99.9861012514263 99.9869985682562 99.9877192917675 99.9885280488556 99.9892355552716 99.9899612147446 99.9906635415049 99.9913223659872 99.9919790441813 99.9925374773334 99.9930494044887 99.9935928943583 99.9940214296238 99.9945056438329 99.9948993623101 99.9953012538288 99.9956302260497 99.9959185583144 99.9962048817017 99.9964480022686 99.9966886601734 99.9969098705704 99.9971021090164 99.9972512026532 99.9973812557098 99.9974879541017 99.9975802249578 99.9976584682995 99.9977194346597 99.9977713792416 99.9977704733084 99.9977460111314 99.997715585115 99.9976729727559 99.997621087773 99.9975539145897 99.9974699380177 99.9973717939304 99.9972546070961
99.9741506579222 99.9752269770117 99.9761887308898 99.977207957727 99.9782146385771 99.9792501947846 99.9803632989013 99.9814580196858 99.9824827752065 99.9836689117988 99.9845003106785 99.9855300696478 99.9864044696731 99.9873193565103 99.9881951448938 99.9890176412205 99.9898368325807 99.9905016452488 99.9911786164272 99.9917935841438 99.99234566483 99.9929046351446 99.9933927440436 99.9938731087943 99.9942964834135 99.994643573289 99.9950161914284 99.9953008550577 99.9956021841831 99.9958620570048 99.9960962661055 99.9962996047163 99.9964521578985 99.9965773291417 99.9967001012639 99.9967944930769 99.9968850063997 99.9969172855767 99.9969384575037 99.9969211798158 99.9968799060893 99.99682099204 99.9967497610107 99.9966661407102 99.9965679855816 99.996453497401 99.9962965500375
99.9674886507559 99.9687632058375 99.9700996994396 99.9713318535897 99.9726045203381 99.9739318982097 99.9753079993563 99.9766917485433 99.9779658645924 99.9793939529299 99.9805109270757 99.9817461042243 99.9828628460695 99.983971037344 99.9850851446886 99.9860709036297 99.9871145829987 99.9879365524268 99.9887694379058 99.9894723761973 99.9901837820088 99.9908423577594 99.9914351081064 99.9920280256372 99.992550469328 99.9929449269707 99.9934032970699 99.9937530879777 99.9941118326392 99.9944416165918 99.9947252742353 99.9949680653665 99.9951742035451 99.9953384892065 99.9954749984986 99.9955830756404 99.995709480639 99.9957828802109 99.9958008040326 99.9957672634092 99.9957193420762 99.9956422505149 99.9955488193105 99.9954434060192 99.9953404594961 99.9951952845646 99.9950093752988
99.9591688466389 99.9608507131813 99.9625570974636 99.9640831838754 99.9656815426188 99.9673713547987 99.9690599094141 99.9708126401915 99.9724337969643 99.9741226907068 99.9755973403221 99.9770789079809 99.9784688458446 99.9797871225892 99.9811791190602 99.9823305253247 99.9836456655158 99.9846160296138 99.9856116919431 99.9864844244163 99.9873349660588 99.9881611082217 99.9888868996572 99.989591845638 99.9902232985786 99.9906894093364 99.991228199516 99.9916603255352 99.9920781366189 99.9924943757393 99.9928598282905 99.9931558781996 99.9934041082936 99.9936387422275 99.9937897243029 99.9939123427209 99.9940656976543 99.9941847912223 99.9942485509835 99.9942043983541 99.9941354194707 99.994041198979 99.9939312676176 99.9937891304084 99.993642972272 99.9934959605528 99.9932541697385
99.94897539219 99.9509833971996 99.9532339729168 99.9551696572893 99.957055804513 99.9592277950115 99.9612748258017 99.9634326399633 99.9655284113848 99.9675286515191 99.9694396973826 99.9712591675326 99.9729495425557 99.9745925295735 99.976255495961 99.9776712549351 99.9791803576259 99.9803996147623 99.9815766516218 99.9826535190234 99.9836412542139 99.9846448514737 99.9854900744776 99.9863873856467 99.9871264091154 99.9876759930124 99.9882961536317 99.9888387670284 99.9893129209726 99.989792806088 99.9903188416428 99.9906871674302 99.9909499516633 99.9912483866628 99.9914561957538 99.9916262299214 99.9917880927614 99.9919302119544 99.992058630664 99.9920563512907 99.9919899920939 99.9918770483053 99.9917352880487 99.9915850038235 99.9914087816298 99.9912177877348 99.9909280064474
99.9364854235304 99.9389664525976 99.9416169083499 99.9441554802269 99.9465229316872 99.9491897246111 99.9515498962803 99.9542543158582 99.9568587845078 99.9593860825437 99.9618360238673 99.9639015076103 99.9660170748743 99.9680818521441 99.9699313605786 99.9717862762448 99.9735763168505 99.9751280835321 99.97646539327 99.9777310763281 99.9788864680279 99.9800877200042 99.9811019565099 99.9820514500572 99.9830299937601 99.9836728840042 99.9843262830145 99.985002629529 99.9856108210752 99.9861240634818 99.9867714155956 99.9872962447017 99.9876556986679 99.987933761159 99.9882025173833 99.9884691129186 99.9886959465654 99.9888599603161 99.9889660069507 99.9890884935624 99.9889875419155 99.9888941979367 99.9887576583671 99.9885823501409 99.9883684125239 99.9881415280092 99.9878283808668
99.9209028889475 99.9239062706434 99.9272140147395 99.9305443596933 99.9334939672616 99.9367885027153 99.9397324047594 99.9429856943668 99.9462168520053 99.9492120450365 99.9522916044492 99.9547494499987 99.9574460203194 99.9598649028879 99.9621192778795 99.9643004433936 99.966369988685 99.9682969059912 99.9698906251933 99.9713524990554 99.9727497418764 99.974115212608 99.9753350091368 99.9763832434162 99.9774876661239 99.9783306554105 99.9790710259151 99.9797967974078 99.9805689085476 99.9812350022795 99.9818239948169 99.9825711292859 99.9830476830232 99.9833909234954 99.9837244172336 99.9840662686312 99.9844472690841 99.9847299371172 99.98481153993 99.9848915935601 99.984841809535 99.9847646025679 99.9846563404268 99.9844862095175 99.9842751231989 99.9840494982539 99.983681976303
99.9019622682029 99.9057716541771 99.909933763322 99.9137817432957 99.9177298059869 99.9215239119288 99.9252936304952 99.9291751950195 99.933034519533 99.9367617174673 99.9405829884232 99.9435166590777 99.9465877198352 99.9495454097107 99.9522324952922 99.9548138343669 99.9573020205248 99.959457889626 99.9614930375358 99.9631600773446 99.9647676611747 99.9662080610019 99.9675895288167 99.9689174992841 99.970188748393 99.9711298261516 99.9720019900218 99.9727745344284 99.9736558282298 99.9744739116248 99.9753066368453 99.9761037223295 99.976688329404 99.9771843223628 99.9776296788 99.9780722079202 99.9784728420932 99.978889723156 99.9791930095882 99.9793215607231 99.9792089060539 99.9791187081045 99.979000358175 99.9788229432994 99.9786179947199 99.9784155613084 99.97806752072
99.8789613270927 99.8835410882709 99.888262133206 99.8934187037858 99.8979838940539 99.9026534751589 99.9074541899568 99.9121628012785 99.9168180873897 99.9212516141117 99.9255603773602 99.9296022671172 99.9331893764801 99.9366651830801 99.9399034594632 99.9429500109025 99.9460136715129 99.9483285093651 99.9507634459781 99.9525106650341 99.954293714709 99.9559890593081 99.9575764213984 99.9589685502293 99.9603081233591 99.9615212332911 99.9625277531768 99.9633674634147 99.9643485126158 99.965275657812 99.9662940658951 99.967271613206 99.9680065587461 99.9686382447732 99.9692438822775 99.9699213567121 99.9703686149108 99.9708417146107 99.9713478512834 99.9716470899929 99.9716206921391 99.971539256609 99.971345152208 99.9711873896643 99.9710753579757 99.9707645309039 99.9704016825667
99.8504862756448 99.8564342592133 99.8622697380728 99.8682753110966 99.8740033277259 99.8798403778469 99.8856928308044 99.8915515344589 99.8969277366196 99.9024603157529 99.9077511088172 99.9123197270573 99.9165978796142 99.9207125711402 99.924591829467 99.9281681186163 99.9313504064312 99.9343390215623 99.9366771395108 99.9388766110939 99.940798019962 99.9426492684353 99.9443783307176 99.9459639939124 99.9473952229554 99.9486326781251 99.9497504067291 99.9507546132996 99.9518015673576 99.9528708283311 99.9540959159202 99.9553483566492 99.9563001615033 99.9570519644375 99.9577995382541 99.9586265697682 99.9593539698985 99.9599770809625 99.960640149 99.9611400474027 99.961135960699 99.9612051741917 99.9610777758855 99.9608861901478 99.9607511334354 99.9605240937228 99.9603035877901
