GIS/Tiger_BrownianBridgeUD.asc
NCOLS 372 
NROWS 240 
XLLCORNER 151.739619229744 
YLLCORNER -23.641576074807 
CELLSIZE 0.00140000000000002 
NODATA_value -9999 
[rows 63 to 83 of 240, columns 188 to 234 of 372]
99.9456005184002 99.9448855038446 99.9440898890528 99.9434443713229 99.9428231185161 99.9424822949986 99.9422399923122 99.9416467502217 99.9410497560448 99.940780140493 99.9407500125957 99.9409583289343 99.9415283737493 99.9422956515656 99.942799124663 99.9432841295582 99.9441597404771 99.9452998020364 99.946615472533 99.9479263312275 99.9493670437743 99.9509044713598 99.9522540453297 99.9536036168213 99.9552033766354 99.956892107616 99.9584857142388 99.9600941107307 99.9619727547745 99.9635611721273 99.9651019892674 99.966803585774 99.96843655595 99.9700771718332 99.9717686970242 99.9733989924114 99.974859003834 99.9763531769341 99.9777997146462 99.9792091349117 99.9806157331215 99.9819254552218 99.9832384813779 99.9844128544269 99.9855175051062 99.986557896191 99.9875908168203
99.9273907287421 99.9264847499927 99.9255455138997 99.9248082871688 99.924175144597 99.9238097134023 99.9237659056986 99.9233167005315 99.9227230163508 99.922855594486 99.9229769589254 99.9233701293366 99.9243896223126 99.9254730350839 99.926605626482 99.9277704396499 99.9290712665939 99.9305766827609 99.932375506978 99.9344980012594 99.9362357445317 99.9383229529161 99.9403094975148 99.9421804151126 99.9442277782807 99.9464814616098 99.9485518459614 99.9506707710526 99.9530099107671 99.9548432643705 99.9569944448934 99.9590895888921 99.9611215000774 99.9631749572794 99.9652232648329 99.9672508434167 99.9691179333042 99.9709385378268 99.9726710160813 99.9744520494083 99.9761165339673 99.9777822819613 99.9794118932913 99.980820219695 99.9822325712572 99.9834583552445 99.9848403743995
99.9025474280148 99.9017612048672 99.9008176643644 99.8999680696877 99.8993022561253 99.8991465977334 99.8993085855049 99.8989701996949 99.898481876345 99.8990338089707 99.8993705662551 99.9003524266616 99.9018469748241 99.9035919044633 99.9055648444223 99.9073976379787 99.9095433587157 99.9119763865005 99.9144987262172 99.91737485386 99.9200078331685 99.9228929180973 99.9256423539547 99.9282964432268 99.9309350288271 99.9336737930307 99.9364581919483 99.9392737327966 99.9422829985814 99.9444522601732 99.9471367883981 99.9498123170874 99.9523043402223 99.9549119786203 99.957461244928 99.9599393172976 99.9621831340467 99.9644015821707 99.9666157114442 99.968741000217 99.9707906845433 99.972843344532 99.9748172514983 99.9765253326642 99.9782925762059 99.979834159696 99.9814318406472
99.8696821389577 99.8686582352317 99.8676787039113 99.8668155920133 99.8663121629508 99.8660004314976 99.8663185556704 99.8671983440748 99.8664806487076 99.8671247046614 99.8680817986945 99.8696244008339 99.8720633163018 99.8751626606854 99.8781208890177 99.8808728526211 99.8842336284297 99.8876935640547 99.8917430330162 99.8957328272663 99.8997474344798 99.9039780122158 99.9076032395281 99.9112132454973 99.9147512350595 99.9182042402438 99.9218353201247 99.9254127848749 99.9290476569318 99.9321916111804 99.9354492697679 99.9386642198635 99.9416819964478 99.9449958400401 99.9480152419089 99.9511806298127 99.9539685229585 99.9566926076864 99.9593611969481 99.9619427229274 99.9645472038732 99.9669493872318 99.9692990081442 99.9714254043027 99.9734922889764 99.97548108295 99.9773349551388
99.8267074544073 99.825382665715 99.8238682042888 99.823076171567 99.8228136947482 99.8228453609197 99.8223000388966 99.8232179851174 99.8240501695954 99.8247810016826 99.8266990117036 99.8290676602135 99.8322624318092 99.8370650959945 99.8418541396456 99.8465126329683 99.850610849095 99.8559626447616 99.8622287009684 99.8683595004136 99.8741498525124 99.8798096929132 99.8850396961142 99.89026678937 99.8950411826114 99.8996650555378 99.90433510159 99.9089513725852 99.9132920050599 99.9174104155258 99.9215574872939 99.9254400586913 99.9293596565664 99.9332138770191 99.9368275998468 99.9407139871409 99.9440642212313 99.9474246118074 99.9507739756729 99.9538529994117 99.9570313432901 99.9598579350445 99.9626641678439 99.965374599357 99.9678983795648 99.9702636264465 99.9725043939376
99.769261563527 99.7673502077261 99.7662004757875 99.7654667462021 99.7646107150326 99.7648887222427 99.765637720158 99.7673529172262 99.7667466250142 99.7681280623832 99.7708603719657 99.7743403255625 99.77929558128 99.7851110843153 99.7930561510663 99.7995173137073 99.8060678014665 99.8142269472868 99.823284473459 99.8325370303576 99.8415874103184 99.8496660378343 99.8568288312968 99.8640361374972 99.8708374024606 99.8772574282019 99.8834899979211 99.8891961302827 99.8945709485236 99.8999188243364 99.9048337725749 99.9097811898782 99.9146751338349 99.9192185422135 99.9238430566329 99.9284230814259 99.93259433702 99.9365953986961 99.9406395088871 99.9443221448583 99.9480915043148 99.9515379040035 99.9549853980991 99.9582440045047 99.9612650543413 99.964105752193 99.966826630501
99.6948258467047 99.6932035130073 99.6907194159253 99.689443650114 99.6888486923153 99.6890017080958 99.6890341594604 99.6906715121138 99.6914358816039 99.6927456122685 99.695681503244 99.7004800007808 99.7065877540805 99.7159206611043 99.7259337118742 99.7357884689326 99.7462375792525 99.758373830112 99.7716253073033 99.7858110686089 99.7984900478784 99.8115841106094 99.8220666296754 99.8319378941472 99.8412011500679 99.8499034353176 99.8580064912776 99.8655163000999 99.8728218962251 99.8791305095787 99.8852551645744 99.8913607785881 99.8970895930277 99.9027771414331 99.9084859483898 99.9139035281381 99.9189457978393 99.9238152743316 99.9285709651451 99.933109950005 99.9375410129521 99.9418231001439 99.9458330121182 99.9498379301589 99.9535421153564 99.9568516798157 99.9601909675292
99.598392938139 99.5951733253994 99.5925029227566 99.5895196654348 99.5888414544002 99.5890253657821 99.589630414518 99.5914637877135 99.5911336742596 99.591302491058 99.5941890344822 99.6001641866865 99.6080696276872 99.6196150113447 99.6337520982804 99.6477322684625 99.6634628454453 99.6817151118117 99.701559990425 99.7222306615807 99.741331034442 99.7618095912622 99.7777395079588 99.7922410288037 99.8054050441901 99.8171013459974 99.8279494231684 99.8377364267853 99.846344326186 99.8546761176859 99.8626450726696 99.8698636396952 99.8767858770346 99.8837689710127 99.8905650396231 99.8969448214615 99.9030799395544 99.9088773403248 99.9144266008284 99.9200593587165 99.9254580917554 99.9305999553857 99.9353802860713 99.9399843018066 99.9443454772775 99.9484123123403 99.9522676643417
99.4711192804599 99.4691322252113 99.4658190201887 99.4614999640964 99.4595453719175 99.4569568569204 99.4552459800117 99.4569809936182 99.4563806235761 99.456863865927 99.4576307566475 99.4630485138686 99.4713855349713 99.4861466377743 99.5055738868067 99.5264319174678 99.5482106440007 99.5746194448451 99.6055307311799 99.6360261689784 99.6665909106286 99.6953618252599 99.7198209446677 99.7412271272314 99.7609173521611 99.7774244657698 99.7915825003992 99.8047401687271 99.8159033014576 99.8268331342604 99.8356867953915 99.844369415372 99.8531060644941 99.8612202872594 99.8689845885082 99.8768096363341 99.8845912498568 99.8917539839184 99.8982761614943 99.9048537867714 99.9112607335324 99.9172192570453 99.9227999762965 99.9283737395121 99.9337054631285 99.9387254975908 99.9430300958822
99.3095551029663 99.3068993734543 99.3029500388328 99.2979047344169 99.2928355287391 99.2882092073587 99.2854884226972 99.2834537418099 99.2785609733241 99.2752214892574 99.275099510096 99.2780691691845 99.2871932817421 99.3031767734411 99.3266013903838 99.3575636588047 99.3864016489534 99.4284342545486 99.4734377810044 99.519190394667 99.5646637601338 99.6075349072769 99.6453971913746 99.6772460478847 99.7057638303488 99.7294417407922 99.7485172064028 99.765737437039 99.7797098708328 99.7929444750618 99.8041517799867 99.8147949341049 99.8254278134424 99.8345828471739 99.8444269977632 99.8538546110023 99.8631610967132 99.8712389385585 99.8791875452339 99.8871578016611 99.894774523041 99.9017923190211 99.9084520290257 99.9154647335465 99.9215796426138 99.9271109046665 99.932475521344
99.1025642391451 99.0994428059894 99.0924628463913 99.0852347861054 99.0765746936032 99.0692924928792 99.0629663450528 99.0572093886716 99.0495993878912 99.0370092952843 99.0310653311414 99.0300249266228 99.0350300994263 99.0501229944001 99.0806362380003 99.1189396210662 99.1660731620945 99.2234573979051 99.2898679617895 99.3578143143245 99.4255331903801 99.4896552298206 99.5474503183482 99.5976708442891 99.6375294493194 99.6706767271308 99.6967953461221 99.7192817689804 99.7377328730321 99.7541100576079 99.7677818517238 99.7794834755412 99.791275193563 99.8010652259053 99.8128004876905 99.8232773724112 99.8348351024038 99.8453733111164 99.8559192613161 99.8663025734602 99.8757368663506 99.8842146910838 99.892256367493 99.8999694739684 99.9071660959547 99.9138350509864 99.920175721495
98.8435346403675 98.8394692233407 98.8277394177504 98.8164840123904 98.8027455000418 98.7894765690815 98.7784873789089 98.7615445307063 98.7495955620672 98.7285001381591 98.7115912684306 98.7017592205755 98.7007411390879 98.7108466177494 98.7456457839184 98.7992235325498 98.8615744887459 98.9439996489465 99.0385497800239 99.1401472606036 99.2429459476121 99.3379782880877 99.4249780623536 99.4966153490108 99.5530095598606 99.5984701745289 99.6347234025645 99.6643145837339 99.6882045525111 99.7073479995096 99.7217770071788 99.7328525454231 99.7424094445659 99.7495907846433 99.7586810624168 99.7711410055423 99.7882604687874 99.8040724240383 99.8216204717232 99.8390890442736 99.8529642876823 99.8636051672893 99.8732442750886 99.8821567081812 99.8909310317446 99.8989130578354 99.9062464616336
98.5172580765871 98.518617788992 98.5001448087262 98.4818792015881 98.4657859237799 98.4417584598435 98.4165530807535 98.3914731324896 98.3681298266893 98.332621001721 98.297923122374 98.2681734312303 98.2529959411183 98.2598398468323 98.3035942346706 98.3696441187363 98.4570033599474 98.5681560872191 98.6984611904962 98.8446966581149 98.997784639127 99.1428107544133 99.2708626932957 99.3712056415674 99.4499947179032 99.5125402538261 99.5610040403558 99.5981566148802 99.6259328521382 99.6463345786719 99.6592487829603 99.6609096342129 99.6551156955404 99.6421274768706 99.6283304836773 99.6285075521786 99.6555540641001 99.6897925039272 99.7449108964411 99.7959320296955 99.822503169245 99.8391293708436 99.8517342249076 99.862551215362 99.8724672684453 99.881558546542 99.8902056623675
98.0961243776733 98.1016727941849 98.0901801270348 98.0698712356941 98.0454839893492 98.0122521634435 97.9759562047808 97.9393369503077 97.8979014399026 97.836003401919 97.7706189618403 97.7074366284215 97.6649825267046 97.672010044655 97.7085543825594 97.792400424273 97.8976189627828 98.0152397483119 98.1454461547141 98.3174903770089 98.5790531158798 98.8531063118134 99.056785320142 99.2087876997438 99.3242662625518 99.4097124562259 99.4723186667819 99.515479478966 99.5431602958334 99.561313164222 99.5584072489974 99.5315227487195 99.4758357981334 99.3838590759099 99.2709341894104 99.1672288704877 99.1101202629609 99.0547344544138 99.422053614088 99.670266111035 99.7718592695642 99.8076090713272 99.8263277510598 99.8396238463262 99.8508308404818 99.8613351901525 99.8716552003831
97.5882553859832 97.5905645567619 97.5751297575559 97.5524331028761 97.5206595542723 97.4777799825617 97.4273241011769 97.3685532432115 97.2986945017608 97.1948813978644 97.0701576524743 96.9524880610076 96.8583207429282 96.8347703096386 96.8479171549154 96.922452459311 96.9885638899401 96.8295460786269 96.1473592548496 95.5116909902979 96.8216740126863 98.0057560178705 98.6809100239579 99.0001990846176 99.1729500040659 99.2847504610966 99.3619591599845 99.4090999653983 99.4326867028569 99.4255542590157 99.3899635979288 99.2908536754216 99.112057667431 98.8198439725837 98.418266437631 97.737354500139 95.7422740050373 93.8267228212252 97.6400813159164 99.3064516815592 99.6897876240121 99.7667644267534 99.7963186214465 99.8138530631376 99.8265199122269 99.8393566516518 99.8509683115874
96.910225882422 96.9332824234776 96.9154287269043 96.8948578506132 96.8493459919141 96.7836166702055 96.7031651750945 96.6014588819293 96.4713735603783 96.2918820944665 96.0567787237649 95.8086149397637 95.5766041233576 95.3845829542245 95.239017177758 95.1766007619481 94.9318908969827 93.336004848097 88.1942763843166 83.1825287244148 86.3437702368266 93.2043193108639 97.7028747919721 98.7123548140262 99.0005476816169 99.1410757719666 99.225386600985 99.2647894526231 99.2621104316299 99.2119486689367 99.1035789090008 98.869740386432 98.4680429724133 97.8237475450813 96.9215066706335 95.981793283601 92.2550520517894 89.3299529189081 95.3400023995934 98.9467259329489 99.5943625584698 99.7206815356198 99.7628280857053 99.7838803854009 99.8000732732748 99.8135171109072 99.8274024390174
95.9508871277224 95.9993629930702 96.0206990692443 95.9897937044176 95.9268755130311 95.8295539495313 95.692227663126 95.5109982375797 95.2734434285301 94.925511559272 94.4284268708913 93.8875095114438 93.3166671552072 92.6841373006841 91.9191134222989 90.9612114318756 89.798625594792 85.9421302532141 73.3953367297158 57.8767807994717 65.0474873071533 85.0388417235984 96.0196049032321 98.3932723741291 98.8111254629701 98.9744652966435 99.0462757329862 99.0614090432151 99.0120724279232 98.8853477050749 98.6582276991824 98.237942331994 97.5519126578616 96.4991331823856 95.0732353798674 94.1742769468853 93.9085474685695 95.547530768723 97.6943368090831 99.0402020465098 99.524687531373 99.6762114790575 99.7269146102712 99.7508090085627 99.7689921284867 99.7856694652376 99.8010392058768
94.5006049201499 94.6254892683299 94.6841912093936 94.637600192349 94.5281096206339 94.3415013523947 94.061736950542 93.6801391385931 93.1691925013273 92.5516984406919 91.6839744973052 90.741613474973 89.746318589995 88.6203316364243 87.2767640484388 85.8494295922 84.5023722434547 80.7826021875971 66.9118746581339 52.1455655380863 60.1260560145293 83.2346442207876 95.9338126899066 98.1967296384417 98.5978591505214 98.757750314755 98.8115551166205 98.7813958117431 98.6581757081951 98.4221875923553 98.0373020018213 97.4224146887369 96.5227136523065 95.2499120508903 93.9321062057856 93.6219455034818 94.7015374752309 96.552160941443 98.1659797001574 99.0844952213957 99.4898143112354 99.6351681498365 99.6850171446444 99.7141250730283 99.7355202155238 99.7543360250147 99.7717166102007
92.1465075780935 92.3725362959439 92.5046521279203 92.4115318438887 92.2245917859606 91.9219060682271 91.3961398774646 90.7154891066164 89.9092884612783 88.967903066646 88.017492564288 87.0988642559953 86.2192341333997 85.2673675574007 84.0532387476261 82.83631208462 82.0073233298049 81.0801866523704 76.4841593982685 72.3983761141995 76.8400566011389 89.5552602248457 96.8579978211207 98.0156292098419 98.3652969882917 98.496925471018 98.5099480570083 98.4120642285051 98.1881072139997 97.8186375829886 97.2751168058435 96.5276853306831 95.5501686270006 94.5720838485247 94.02715040975 94.4442919799156 95.7521614874901 97.3103666303065 98.4910058013529 99.1678601857805 99.4694182250917 99.5853172104343 99.6407147468532 99.6730504335479 99.6977715574571 99.719242512107 99.7388054760817
88.4162245375023 88.6906102996343 89.014520135587 89.1310354640661 89.0251069444932 88.7265488134224 88.1986926037685 87.536750391006 86.8033459384473 86.0202728778054 85.3981843249831 84.8388712487505 84.3110086572315 83.8765965183489 83.5144127281715 83.437607059065 83.8954766540597 84.4156497158824 84.2436322534917 84.7654463003085 88.8762481417129 94.7043892894339 97.112458350581 97.8382802919065 98.1042278239277 98.1840965347651 98.1295032067323 97.9402411170628 97.5997034580666 97.1000070924681 96.4256827059125 95.6509037857816 94.9391657998188 94.5879065945867 94.8129728513566 95.6485947261999 96.8525516210351 97.9945564147534 98.7990104960783 99.227522820003 99.4368281939574 99.5404542022864 99.595381861319 99.6297176542206 99.6560505734987 99.679749600141 99.7033970753741
84.4808348814447 85.2062955804789 85.5819389805709 85.7458473880389 85.8131660594317 85.7295249749259 85.4882412203907 85.1425839929432 84.7334125873714 84.2892764586051 84.0360141072662 83.9314574428053 84.0415060028898 84.3781319018485 84.9065917634578 85.6334132222151 86.4524821738251 86.8987428625383 87.0485278754867 88.5494894401238 92.8957028680683 95.8610899848085 97.1188401258454 97.6097418452478 97.7952188536889 97.8052853862563 97.6615109958054 97.3677827819371 96.9207530017746 96.305505740168 95.6512377329488 95.0625924397642 94.8124523059927 95.0262920882594 95.6844597658337 96.6308808231013 97.6201613825687 98.4394580900993 98.9537217467658 99.2430753422357 99.404357029482 99.4931220134582 99.5454336675289 99.5812079172807 99.6111749258856 99.6375596809236 99.6625140302019
